[0m
   [38;2;106;252;29m░[38;2;103;252;34m▒[38;2;101;251;40m▓ [38;2;96;250;50mP[38;2;93;250;55mH[38;2;91;249;61mO[38;2;88;248;66mS[38;2;86;248;71mP[38;2;84;247;76mH[38;2;81;247;82mO[38;2;79;246;87mR[38;2;76;246;92m-[38;2;74;245;98mG[38;2;71;245;103mH[38;2;69;244;108mO[38;2;66;244;113mS[38;2;64;243;119mT [38;2;59;242;129m▓[38;2;57;241;134m▒[38;2;54;241;140m░[0m
       [38;2;98;251;46m╔[38;2;96;250;49m═[38;2;95;250;52m═[38;2;93;250;55m═[38;2;92;249;59m═[38;2;90;249;62m═[38;2;89;249;65m═[38;2;88;248;68m═[38;2;86;248;71m═[38;2;85;248;74m═[38;2;83;247;78m═[38;2;82;247;81m═[38;2;80;247;84m═[38;2;79;246;87m═[38;2;77;246;90m═[38;2;76;246;93m═[38;2;74;245;96m═[38;2;73;245;100m═[38;2;71;245;103m═[38;2;70;244;106m═[38;2;68;244;109m═[38;2;67;244;112m═[38;2;65;243;115m═[38;2;64;243;118m═[38;2;62;243;122m═[38;2;61;242;125m═[38;2;59;242;128m═[38;2;58;242;131m═[38;2;57;241;134m═[38;2;55;241;137m═[38;2;54;241;141m═[38;2;52;240;144m═[38;2;51;240;147m═[38;2;49;240;150m╗[0m
       [38;2;93;249;57m║                                [38;2;44;239;160m║[0m
       [38;2;88;248;68m║   [38;2;82;247;81m▄[38;2;80;247;84m▄[38;2;79;246;87m▄  [38;2;74;245;97m▄[38;2;73;245;100m▄  [38;2;68;244;110m▄[38;2;67;244;113m▄  [38;2;62;243;123m▄[38;2;61;242;126m▄  [38;2;56;241;135m▄[38;2;54;241;139m▄  [38;2;50;240;148m▄[38;2;48;240;152m▄[38;2;47;239;155m▄    [38;2;39;238;171m║[0m
       [38;2;83;247;78m║   [38;2;77;246;91m▀[38;2;75;246;94m▀[38;2;74;245;98m▀  [38;2;69;244;107m▀[38;2;68;244;110m▀  [38;2;63;243;120m▀[38;2;62;243;123m▀  [38;2;57;242;133m▀[38;2;56;241;136m▀  [38;2;51;240;146m▀[38;2;50;240;149m▀  [38;2;45;239;159m▀[38;2;43;239;162m▀[38;2;42;238;165m▀    [38;2;34;237;182m║[0m
       [38;2;78;246;88m║      [38;2;68;244;110m▒[38;2;66;244;113m▓[38;2;65;243;116m█  [38;2;60;242;126mB[38;2;59;242;129ml[38;2;58;242;132ma[38;2;56;241;135mc[38;2;55;241;138mk[38;2;53;241;142mw[38;2;52;240;145me[38;2;50;240;148ml[38;2;49;240;151ml  [38;2;44;239;160m█[38;2;43;238;164m▓[38;2;41;238;167m▒       [38;2;30;236;192m║[0m
       [38;2;73;245;99m║                                [38;2;25;234;203m║[0m
       [38;2;68;244;109m║   [38;2;62;243;122mC[38;2;61;242;125mU[38;2;59;242;128mD[38;2;58;242;131mA [38;2;55;241;137m1[38;2;54;241;141m2[38;2;52;240;144m.[38;2;51;240;147m8 [38;2;48;240;153m· [38;2;45;239;159mF[38;2;43;239;163mP[38;2;42;238;166m4 [38;2;39;238;172m· [38;2;36;237;178m2[38;2;34;237;181m4[38;2;33;236;185mG[38;2;31;236;188mB       [38;2;20;233;213m║[0m
       [38;2;63;243;120m║   [38;2;58;242;132m─[38;2;56;241;135m─[38;2;55;241;138m─[38;2;53;241;142m─[38;2;52;240;145m─[38;2;50;240;148m─[38;2;49;240;151m─[38;2;47;239;154m─[38;2;46;239;157m─[38;2;44;239;160m─[38;2;43;238;164m─[38;2;41;238;167m─[38;2;40;238;170m─[38;2;38;237;173m─[38;2;37;237;176m─[38;2;35;237;179m─[38;2;34;236;183m─[38;2;32;236;186m─[38;2;31;236;189m─[38;2;30;236;192m─[38;2;28;235;195m─[38;2;27;235;198m─[38;2;25;235;201m─[38;2;24;234;205m─     [38;2;15;232;224m║[0m
       [38;2;59;242;130m║   [38;2;53;241;143mv[38;2;51;240;146ml[38;2;50;240;149ml[38;2;48;240;152mm [38;2;45;239;158m· [38;2;42;238;165ml[38;2;41;238;168ml[38;2;39;238;171ma[38;2;38;237;174mm[38;2;36;237;177ma[38;2;35;237;180m.[38;2;33;236;184mc[38;2;32;236;187mp[38;2;30;236;190mp [38;2;28;235;196m· [38;2;25;234;203mo[38;2;23;234;206ml[38;2;22;234;209ml[38;2;20;233;212ma[38;2;19;233;215mm[38;2;17;233;218ma    [38;2;10;231;234m║[0m
       [38;2;54;241;141m║                                [38;2;5;230;244m║[0m
       [38;2;49;240;151m╚[38;2;47;239;154m═[38;2;46;239;157m═[38;2;44;239;160m═[38;2;43;238;164m═[38;2;41;238;167m═[38;2;40;238;170m═[38;2;38;237;173m═[38;2;37;237;176m═[38;2;35;237;179m═[38;2;34;236;183m═[38;2;32;236;186m═[38;2;31;236;189m═[38;2;30;236;192m═[38;2;28;235;195m═[38;2;27;235;198m═[38;2;25;235;201m═[38;2;24;234;205m═[38;2;22;234;208m═[38;2;21;234;211m═[38;2;19;233;214m═[38;2;18;233;217m═[38;2;16;233;220m═[38;2;15;232;224m═[38;2;13;232;227m═[38;2;12;232;230m═[38;2;10;231;233m═[38;2;9;231;236m═[38;2;7;231;239m═[38;2;6;230;242m═[38;2;4;230;246m═[38;2;3;230;249m═[38;2;1;229;252m═[38;2;0;229;255m╝[0m
