[?25l[0m[7m[38;2;18;18;25m [0m[38;2;0;0;0;48;2;18;18;25m           [38;2;22;19;25m▖    [38;2;122;64;31;48;2;26;21;25m▗[38;2;171;85;34;48;2;238;116;38m▘[38;2;220;108;36;48;2;241;118;38m▝[38;2;241;118;38;48;2;67;39;28m▖[48;2;18;18;25m   [0m
[7m[38;2;18;18;25m [0m[38;2;0;0;0;48;2;18;18;25m [38;2;50;32;27;48;2;19;18;25m▗[38;2;123;64;31;48;2;219;108;37m▘[38;2;96;52;29;48;2;212;104;36m▝[38;2;20;19;25;48;2;18;18;25m▖[38;2;54;33;27m▗[38;2;18;18;25;48;2;168;84;33m▀[38;2;63;38;27;48;2;241;118;38m▀[38;2;130;67;31;48;2;217;107;36m▘[38;2;194;96;35;48;2;235;115;37m▘[38;2;233;114;37;48;2;241;117;38m▘[38;2;240;117;38;48;2;241;118;38m▝[38;2;226;110;37;48;2;240;117;38m▝[38;2;175;88;34;48;2;229;112;37m▝[38;2;123;64;31;48;2;242;118;38m▀[38;2;36;26;26;48;2;231;113;37m▀[38;2;154;78;33;48;2;42;28;26m▖[38;2;170;85;33;48;2;19;18;25m▀[38;2;203;100;35;48;2;18;18;25m▀[38;2;99;54;29m▘   [0m
[7m[38;2;18;18;25m [0m[38;2;0;0;0;48;2;18;18;25m  [38;2;110;58;30;48;2;29;23;26m▝[38;2;103;55;30;48;2;35;25;26m▘[38;2;50;32;27;48;2;212;104;36m▀[38;2;188;93;35;48;2;240;117;38m▘[38;2;160;81;33;48;2;227;111;37m▗[38;2;242;118;38;48;2;106;57;30m▀[48;2;56;34;27m▀[38;2;237;116;38;48;2;21;19;25m▀[38;2;225;110;37;48;2;18;18;25m▀[38;2;221;108;36m▀[38;2;229;112;37m▀[38;2;240;117;38;48;2;30;23;25m▀[38;2;242;118;38;48;2;70;41;28m▀[38;2;113;60;30;48;2;210;103;36m▖[38;2;184;92;34;48;2;237;116;38m▖[38;2;115;61;30;48;2;232;113;37m▝[38;2;215;106;36;48;2;43;29;26m▖[48;2;18;18;25m    [0m
[7m[38;2;18;18;25m [0m[38;2;0;0;0;48;2;18;18;25m  [38;2;84;46;28m▗[38;2;191;95;35;48;2;75;43;28m▞[38;2;171;86;34;48;2;18;18;25m▀[38;2;75;43;28;48;2;21;19;25m▘[48;2;18;18;25m           [38;2;116;61;30;48;2;31;24;26m▝[38;2;210;103;36;48;2;28;22;26m▀[38;2;21;19;25;48;2;132;68;31m▝[48;2;18;18;25m   [0m
[7m[38;2;18;18;25m [0m[38;2;0;0;0;48;2;18;18;25m  [38;2;32;24;26m▝                [38;2;27;22;25m▝[38;2;23;20;25m▘  [0m
[7m[38;2;18;18;25m [0m[38;2;0;0;0;48;2;18;18;25m                       [0m
[7m[38;2;18;18;25m [0m[38;2;0;0;0;48;2;18;18;25m                       [0m
[7m[38;2;18;18;25m [0m[38;2;0;0;0;48;2;18;18;25m  [38;2;82;46;28;48;2;23;20;25m▗[38;2;151;77;32;48;2;33;24;26m▖[48;2;18;18;25m              [38;2;38;27;26m▗[38;2;22;20;25;48;2;128;66;31m▀[38;2;24;20;25;48;2;18;18;25m▘  [0m
[7m[38;2;18;18;25m [0m[38;2;0;0;0;48;2;18;18;25m   [38;2;230;112;37;48;2;51;32;27m▝[38;2;136;70;32;48;2;209;103;36m▝[38;2;51;32;27;48;2;239;117;38m▀[38;2;18;18;25;48;2;179;89;34m▀[38;2;121;64;31;48;2;43;29;26m▖[38;2;64;38;28;48;2;28;22;25m▖[38;2;22;20;25;48;2;18;18;25m▖   [38;2;40;27;26m▗[38;2;80;45;28;48;2;31;24;26m▗[38;2;18;18;25;48;2;129;67;31m▀[38;2;19;18;25;48;2;206;102;36m▀[38;2;86;48;29;48;2;242;118;38m▀[38;2;88;48;29;48;2;212;104;36m▗[38;2;144;74;32;48;2;19;18;25m▘[48;2;18;18;25m   [0m
[7m[38;2;18;18;25m [0m[38;2;0;0;0;48;2;18;18;25m    [38;2;81;45;28m▝[38;2;214;105;36;48;2;36;25;26m▀[38;2;133;69;31;48;2;228;112;37m▖[38;2;240;117;38;48;2;242;118;38m▖ [38;2;233;114;37;48;2;241;118;38m▝[38;2;225;110;37;48;2;237;116;38m▝[38;2;222;109;36;48;2;236;115;37m▘[38;2;226;110;37;48;2;238;116;38m▘[38;2;238;116;38;48;2;242;118;38m▘ [38;2;221;108;37m▗[38;2;242;118;38;48;2;118;62;30m▀[38;2;165;83;33;48;2;19;19;25m▀[38;2;26;21;25;48;2;18;18;25m▘    [0m
[7m[38;2;18;18;25m [0m[38;2;0;0;0;48;2;18;18;25m  [38;2;135;70;31m▗[38;2;100;54;29;48;2;242;118;38m▀[38;2;151;77;32;48;2;215;106;36m▝[38;2;69;40;28;48;2;231;113;37m▀[38;2;43;29;26;48;2;18;18;25m▖[38;2;87;48;29;48;2;25;21;25m▝[38;2;149;76;32;48;2;18;18;25m▀[38;2;208;102;36m▀[38;2;236;115;38m▀[38;2;240;117;38m▀[38;2;231;113;37m▀[38;2;191;95;35m▀[38;2;124;65;31m▀[38;2;54;34;27m▘       [0m
[7m[38;2;18;18;25m [0m[38;2;0;0;0;48;2;18;18;25m  [38;2;187;93;34;48;2;26;21;25m▝[38;2;157;79;33;48;2;236;115;38m▖[38;2;235;115;38;48;2;241;118;38m▗[38;2;100;54;29;48;2;227;111;37m▗[38;2;74;42;28;48;2;18;18;25m▘                [0m
[?25h