[?25l[0m[7m[38;2;18;18;25m [0m[38;2;0;0;0;48;2;18;18;25m  [38;2;161;40;70;48;2;33;20;29m▗[38;2;120;33;56;48;2;75;27;42m▖[38;2;112;32;54;48;2;44;21;32m▀[38;2;139;36;62;48;2;28;19;28m▀[38;2;136;36;61;48;2;20;18;26m▀[38;2;135;35;61;48;2;25;19;27m▀[38;2;113;32;54;48;2;50;22;34m▀[38;2;48;22;34;48;2;116;33;55m▀[38;2;110;32;53;48;2;21;18;26m▖▗[38;2;48;22;34;48;2;121;33;57m▀[38;2;113;32;54;48;2;54;23;36m▀[38;2;137;35;61;48;2;25;19;27m▀[38;2;137;36;61;48;2;20;18;26m▀[48;2;26;19;27m▀[38;2;112;32;54;48;2;44;21;32m▀[38;2;55;23;36;48;2;92;29;48m▝[38;2;160;40;70;48;2;33;20;29m▖[48;2;18;18;25m   [0m
[7m[38;2;18;18;25m [0m[38;2;0;0;0;48;2;18;18;25m  [38;2;142;37;64;48;2;38;21;31m▐[38;2;38;21;31;48;2;130;34;59m▐[48;2;18;18;25m [38;2;46;22;33;48;2;23;18;26m▝[38;2;56;23;36;48;2;36;20;30m▗[38;2;18;18;25;48;2;83;27;44m▀[38;2;61;24;38;48;2;20;18;25m▖[38;2;21;18;26;48;2;18;18;25m▝[38;2;30;19;28;48;2;131;35;60m▖[38;2;48;22;34;48;2;137;36;62m▗[38;2;24;19;27;48;2;18;18;25m▘[38;2;56;23;36;48;2;19;18;25m▗[38;2;87;28;46;48;2;39;21;31m▖[38;2;61;24;38;48;2;35;20;30m▖[38;2;48;22;33;48;2;24;19;27m▘[38;2;19;18;25;48;2;18;18;25m▘[38;2;118;33;55;48;2;32;20;29m▐[38;2;38;21;31;48;2;142;37;63m▐[48;2;18;18;25m   [0m
[7m[38;2;18;18;25m [0m[38;2;0;0;0;48;2;18;18;25m  [38;2;37;21;31m▝[38;2;29;20;28;48;2;120;33;56m▖[38;2;30;20;28;48;2;129;35;59m▀[38;2;46;22;33;48;2;19;18;25m▖[48;2;18;18;25m [38;2;20;18;25m▝[38;2;107;31;52;48;2;34;20;30m▝[38;2;90;29;47;48;2;143;37;64m▀[38;2;125;34;58;48;2;161;40;70m▘[38;2;134;36;61m▝[38;2;88;28;46;48;2;149;38;66m▀[38;2;112;32;53;48;2;38;21;31m▘[38;2;22;18;26;48;2;18;18;25m▘ [38;2;44;22;33m▗[38;2;26;19;27;48;2;122;33;57m▀[38;2;58;24;37;48;2;117;33;55m▗[38;2;59;23;37;48;2;34;20;30m▖[38;2;20;18;25;48;2;18;18;25m▖  [0m
[7m[38;2;18;18;25m [0m[38;2;0;0;0;48;2;18;18;25m    [38;2;105;31;52;48;2;46;22;33m▐[38;2;111;32;54;48;2;138;36;62m▗[38;2;114;32;54;48;2;72;26;41m▘[38;2;83;28;45;48;2;58;24;37m▀[38;2;116;33;55;48;2;145;37;64m▘[38;2;160;40;70;48;2;49;22;34m▀[38;2;137;36;62;48;2;18;18;25m▀[38;2;136;36;62m▀[38;2;160;40;70;48;2;44;22;33m▀[38;2;121;33;57;48;2;145;37;65m▝[38;2;92;29;48;48;2;75;26;42m▘[38;2;109;31;53;48;2;76;26;42m▝[38;2;113;32;54;48;2;136;36;61m▖[38;2;47;22;33;48;2;105;31;52m▐[38;2;95;29;48;48;2;89;28;46m▗[38;2;47;22;33;48;2;92;28;46m▖[38;2;22;18;26;48;2;88;28;46m▐[48;2;18;18;25m  [0m
[7m[38;2;18;18;25m [0m[38;2;0;0;0;48;2;18;18;25m   [38;2;130;35;60;48;2;37;21;31m▐[38;2;18;18;25;48;2;129;35;59m▗[38;2;47;22;34;48;2;21;18;26m▗[38;2;23;19;26;48;2;128;35;59m▀[38;2;86;28;46;48;2;155;39;68m▘[38;2;70;25;40;48;2;154;39;67m▝[38;2;18;18;25;48;2;123;34;57m▀[48;2;82;28;45m▀[48;2;79;27;44m▀[48;2;104;31;51m▀[38;2;30;20;28;48;2;136;36;62m▘[38;2;91;29;47;48;2;145;37;64m▝[38;2;24;19;27;48;2;131;35;60m▀[38;2;49;22;34;48;2;20;18;26m▖[38;2;18;18;25;48;2;116;33;55m▖[38;2;161;40;70;48;2;65;25;39m▖[38;2;50;23;35;48;2;26;19;27m▘[48;2;18;18;25m   [0m
[7m[38;2;18;18;25m [0m[38;2;0;0;0;48;2;18;18;25m  [38;2;142;37;63;48;2;35;20;30m▗[38;2;93;29;48;48;2;135;36;61m▗[38;2;98;30;50;48;2;134;36;61m▝[38;2;82;27;44;48;2;153;39;67m▗[38;2;102;30;51;48;2;18;18;25m▀[38;2;35;20;30m▘ [38;2;80;27;44;48;2;23;19;26m▝[38;2;48;22;34;48;2;157;39;69m▖[38;2;72;26;41;48;2;158;40;69m▗[38;2;77;27;43;48;2;21;18;26m▘[48;2;18;18;25m  [38;2;96;30;49;48;2;26;19;27m▝[38;2;41;21;32;48;2;147;38;65m▖[38;2;97;30;49;48;2;126;34;58m▘[38;2;84;28;45;48;2;132;35;60m▖[38;2;142;37;63;48;2;35;20;30m▖[48;2;18;18;25m   [0m
[7m[38;2;18;18;25m [0m[38;2;0;0;0;48;2;18;18;25m [38;2;121;33;57;48;2;21;18;26m▐[38;2;19;18;25;48;2;131;35;60m▗[38;2;21;18;26;48;2;18;18;25m▘[38;2;161;40;70;48;2;42;21;32m▐[38;2;18;18;25;48;2;116;32;55m▐[48;2;18;18;25m   [38;2;20;18;26m▗[38;2;26;19;27;48;2;141;37;64m▘[38;2;62;25;39;48;2;154;39;68m▝[38;2;38;21;31;48;2;18;18;25m▖   [38;2;88;28;47;48;2;37;21;31m▗[38;2;45;22;33;48;2;161;40;70m▐[38;2;19;18;25;48;2;18;18;25m▝[38;2;146;38;65;48;2;51;23;35m▐[38;2;21;18;26;48;2;121;33;57m▐[48;2;18;18;25m  [0m
[7m[38;2;18;18;25m [0m[38;2;0;0;0;48;2;18;18;25m [38;2;156;39;68;48;2;39;21;31m▝[38;2;20;18;26;48;2;136;36;62m▝[38;2;60;24;37;48;2;21;18;26m▗[38;2;95;30;49;48;2;160;40;69m▘[38;2;93;29;48;48;2;161;40;70m▝[38;2;23;19;26;48;2;144;37;64m▀[38;2;18;18;25;48;2;116;33;55m▀[38;2;20;18;26;48;2;138;36;62m▀[38;2;112;32;54;48;2;55;23;36m▞[38;2;155;39;68;48;2;20;18;25m▀[38;2;153;39;67;48;2;18;18;25m▀[38;2;155;39;68;48;2;72;26;41m▘[38;2;32;20;29;48;2;148;38;65m▀[38;2;18;18;25;48;2;135;35;61m▀[38;2;25;19;27;48;2;153;38;67m▀[38;2;91;29;47;48;2;157;39;68m▘[38;2;102;30;51;48;2;153;38;67m▝[38;2;70;26;41;48;2;23;19;26m▖[38;2;21;18;26;48;2;139;36;63m▘[38;2;156;39;68;48;2;39;21;31m▘[48;2;18;18;25m  [0m
[7m[38;2;18;18;25m [0m[38;2;0;0;0;48;2;18;18;25m  [38;2;127;34;59;48;2;36;20;30m▐[38;2;105;31;52;48;2;156;39;68m▗[38;2;70;26;41;48;2;29;20;28m▘[38;2;79;27;44;48;2;18;18;25m▀[38;2;151;38;66;48;2;40;21;32m▀[38;2;140;37;63;48;2;161;40;70m▖[38;2;27;19;27;48;2;129;35;59m▐[48;2;18;18;25m    [38;2;101;30;51;48;2;21;18;26m▐[38;2;110;32;53;48;2;161;40;70m▗[38;2;126;34;58;48;2;24;19;27m▀[38;2;45;22;33;48;2;18;18;25m▘[38;2;33;20;29m▝[38;2;105;30;51;48;2;156;39;68m▖[38;2;36;20;30;48;2;127;34;59m▐[48;2;18;18;25m   [0m
[7m[38;2;18;18;25m [0m[38;2;0;0;0;48;2;18;18;25m  [38;2;23;19;26m▝[38;2;52;23;35;48;2;146;38;65m▖[38;2;130;35;60;48;2;29;20;28m▖[48;2;18;18;25m  [38;2;137;36;62;48;2;39;21;31m▝[38;2;57;23;37;48;2;159;40;69m▝[38;2;18;18;25;48;2;101;30;50m▀[38;2;49;23;34;48;2;25;19;27m▖[38;2;46;22;33;48;2;24;19;27m▗[38;2;18;18;25;48;2;90;29;47m▀[38;2;38;21;31;48;2;153;39;67m▘[38;2;106;31;52;48;2;23;19;27m▘[48;2;18;18;25m  [38;2;123;34;58;48;2;26;19;27m▗[38;2;52;23;35;48;2;143;37;64m▗[38;2;23;19;26;48;2;18;18;25m▘   [0m
[7m[38;2;18;18;25m [0m[38;2;0;0;0;48;2;18;18;25m   [38;2;30;20;28m▝[38;2;123;34;57;48;2;19;18;25m▀[38;2;127;34;59;48;2;76;26;42m▘[38;2;55;23;36;48;2;150;38;66m▀[38;2;60;24;38;48;2;148;38;66m▘[38;2;60;24;37;48;2;157;39;69m▗[38;2;154;39;68;48;2;22;18;26m▀[38;2;128;35;59;48;2;18;18;25m▀[38;2;122;34;58m▀[38;2;144;37;64m▀[38;2;35;20;30;48;2;149;38;66m▖[38;2;71;26;41;48;2;161;40;70m▀[38;2;48;22;34;48;2;150;38;66m▀[38;2;106;31;52;48;2;65;25;39m▞[38;2;122;34;57;48;2;19;18;25m▀[38;2;30;20;28;48;2;18;18;25m▘    [0m
[7m[38;2;18;18;25m [0m[38;2;0;0;0;48;2;18;18;25m      [38;2;40;21;31m▝[38;2;92;29;48m▀[38;2;137;36;62;48;2;46;22;33m▀[38;2;48;22;34;48;2;124;34;58m▀[38;2;18;18;25;48;2;134;35;61m▀[48;2;133;35;60m▀[38;2;44;22;33;48;2;123;34;57m▀[38;2;133;35;61;48;2;46;22;33m▀[38;2;92;29;48;48;2;18;18;25m▀[38;2;40;21;31m▘       [0m
[?25h