[0m[38;2;18;18;25;48;2;18;18;25m▄▄▄▄▄▄▄▄▄▄[38;2;22;31;56m▄[38;2;37;72;150m▄[38;2;49;105;223;48;2;21;28;49m▄[38;2;50;107;228;48;2;34;64;131m▄▄[38;2;49;105;223;48;2;21;28;49m▄[38;2;37;73;151;48;2;18;18;25m▄[38;2;22;31;56m▄[38;2;18;18;25m▄▄▄▄▄▄▄▄▄▄[0m
[38;2;18;18;25;48;2;18;18;25m▄▄▄▄▄▄[38;2;25;38;72m▄[38;2;40;80;168m▄[38;2;49;106;226;48;2;23;34;64m▄[38;2;50;107;228;48;2;38;76;159m▄[48;2;49;106;225m▄[48;2;50;107;228m▄▄[38;2;49;106;227m▄▄[38;2;50;107;228m▄▄[48;2;49;106;225m▄[48;2;38;77;160m▄[38;2;49;106;227;48;2;23;35;64m▄[38;2;40;81;169;48;2;18;18;25m▄[38;2;25;38;73m▄[38;2;18;18;25m▄▄▄▄▄▄[0m
[38;2;18;18;25;48;2;18;18;25m▄▄[38;2;20;26;44m▄[38;2;42;87;184m▄[38;2;50;107;227;48;2;26;42;81m▄[38;2;50;107;228;48;2;41;84;178m▄[48;2;49;106;227m▄[48;2;50;107;228m▄▄▄▄▄▄[38;2;48;103;219;48;2;20;24;39m▌[38;2;20;24;39;48;2;48;103;219m▌[38;2;50;107;228;48;2;50;107;228m▄▄▄▄▄▄[48;2;49;106;227m▄[48;2;41;84;178m▄[38;2;50;107;227;48;2;26;42;82m▄[38;2;42;87;184;48;2;18;18;25m▄[38;2;20;26;44m▄[38;2;18;18;25m▄▄[0m
[38;2;18;18;25;48;2;18;18;25m▄▄[38;2;29;49;97;48;2;49;105;224m▌[38;2;50;107;228;48;2;50;107;228m▄▄[38;2;48;104;221m▄[38;2;44;93;196m▄[38;2;50;107;228m▄▄▄[38;2;43;89;187m▄[38;2;29;50;99m▄[38;2;20;26;45;48;2;49;106;227m▄[38;2;18;18;25;48;2;33;61;123m▄▄[38;2;21;27;48;48;2;49;107;227m▄[38;2;30;52;103;48;2;50;107;228m▄[38;2;44;90;191m▄[38;2;50;107;228m▄▄▄[38;2;44;92;195m▄[38;2;48;104;221m▄[38;2;50;107;228m▄▄[38;2;49;105;224;48;2;29;49;96m▌[38;2;18;18;25;48;2;18;18;25m▄▄[0m
[38;2;18;18;25;48;2;18;18;25m▄[48;2;27;44;85m▌[38;2;50;107;228;48;2;49;105;223m▄[48;2;50;107;228m▄▄[48;2;43;88;185m▄[38;2;44;92;195;48;2;19;22;35m▄[38;2;24;35;64;48;2;40;82;171m▄[38;2;22;30;54;48;2;49;105;224m▄[38;2;18;18;25;48;2;31;56;113m▄[38;2;32;58;117;48;2;18;18;26m▄[38;2;48;103;219;48;2;20;24;40m▄[38;2;50;107;228;48;2;30;52;103m▄[38;2;29;49;98;48;2;18;18;25m▌[38;2;18;18;25;48;2;29;49;97m▌[38;2;50;107;228;48;2;29;51;101m▄[38;2;48;102;218;48;2;20;24;39m▄[38;2;31;57;114;48;2;18;18;27m▄[38;2;18;18;25;48;2;32;58;118m▄[38;2;22;31;55;48;2;49;105;225m▄[38;2;24;35;65;48;2;40;81;169m▄[38;2;44;93;197;48;2;19;22;35m▄[38;2;50;107;228;48;2;43;88;186m▄[48;2;50;107;228m▄▄[48;2;49;105;223m▄[38;2;26;43;84;48;2;18;18;25m▌[38;2;18;18;25m▄[0m
[38;2;18;18;25;48;2;18;18;25m▄[38;2;25;38;72;48;2;48;103;219m▌[38;2;50;107;228;48;2;50;107;228m▄▄▄▄[38;2;49;104;223m▄[38;2;35;66;136;48;2;19;23;38m▌[38;2;25;39;73;48;2;18;18;25m▄[38;2;23;34;62;48;2;19;23;36m▄[38;2;18;18;25;48;2;40;82;171m▄[38;2;31;56;113;48;2;50;107;228m▄[38;2;48;103;219m▄[38;2;25;39;75;48;2;18;18;25m▌[38;2;18;18;25;48;2;25;39;75m▌[38;2;48;102;218;48;2;50;107;228m▄[38;2;31;55;111m▄[38;2;18;18;25;48;2;40;81;170m▄[38;2;23;34;64;48;2;19;22;35m▄[38;2;25;38;71;48;2;18;18;25m▄[38;2;20;24;40;48;2;35;68;139m▌[38;2;49;105;223;48;2;50;107;228m▄[38;2;50;107;228m▄▄▄▄[38;2;48;103;219;48;2;25;38;72m▌[38;2;18;18;25;48;2;18;18;25m▄[0m
[38;2;18;18;25;48;2;23;33;61m▌[38;2;50;107;228;48;2;47;101;214m▄[48;2;50;107;228m▄▄▄▄[38;2;49;105;225;48;2;25;38;71m▌[38;2;18;18;25;48;2;18;18;25m▄[38;2;39;77;161;48;2;50;107;227m▌[38;2;50;107;228;48;2;48;101;216m▄[38;2;49;104;222;48;2;26;41;79m▄[38;2;23;34;62;48;2;18;18;25m▄[38;2;18;18;25;48;2;18;19;30m▄[38;2;28;47;92;48;2;18;18;25m▄▄[38;2;18;18;25;48;2;18;19;28m▄[38;2;24;35;64;48;2;18;18;25m▄[38;2;49;104;223;48;2;26;42;80m▄[38;2;50;107;228;48;2;48;102;217m▄[38;2;49;106;227;48;2;38;75;157m▌[38;2;18;18;25;48;2;18;18;25m▄[38;2;25;39;74;48;2;49;105;225m▌[38;2;50;107;228;48;2;50;107;228m▄▄▄▄[48;2;47;100;214m▄[38;2;23;33;60;48;2;18;18;25m▌[0m
[38;2;21;29;51;48;2;46;98;208m▌[38;2;50;107;228;48;2;50;107;228m▄▄▄▄[38;2;49;104;222m▄[38;2;43;89;189;48;2;18;18;25m▌[38;2;18;18;25;48;2;18;19;28m▄[38;2;18;21;32;48;2;48;103;221m▄[38;2;18;18;25;48;2;40;80;168m▄[48;2;31;55;110m▄[48;2;19;21;33m▄[48;2;18;19;28m▄[38;2;28;47;92;48;2;48;103;220m▄▄[38;2;18;18;25;48;2;18;19;28m▄[48;2;19;21;33m▌[48;2;30;53;106m▄[48;2;39;79;165m▄[38;2;18;20;31;48;2;48;103;220m▄[38;2;18;18;25;48;2;18;19;28m▄[48;2;43;88;187m▌[38;2;48;104;221;48;2;50;107;228m▄[38;2;50;107;228m▄▄▄▄[38;2;46;98;208;48;2;22;29;51m▌[0m
[38;2;44;92;195;48;2;50;107;228m▌[38;2;50;107;228m▄▄[48;2;44;92;196m▌[38;2;43;88;186;48;2;21;28;49m▄[38;2;49;106;226;48;2;21;28;50m▄[38;2;49;105;224;48;2;24;35;64m▄[38;2;21;27;46;48;2;18;18;25m▄[38;2;19;22;35;48;2;34;64;131m▌[38;2;49;106;226;48;2;39;79;165m▄[38;2;50;107;228;48;2;45;94;199m▄[38;2;49;104;223;48;2;33;61;124m▌[38;2;18;18;25;48;2;18;18;25m▄[38;2;30;52;103m▄[38;2;30;52;104m▄[38;2;18;18;25m▄[38;2;33;62;126;48;2;49;105;223m▌[38;2;50;107;228;48;2;45;95;202m▄[38;2;49;106;227;48;2;40;80;166m▄[38;2;34;65;135;48;2;19;23;37m▌[38;2;20;26;44;48;2;18;18;25m▄[38;2;49;105;223;48;2;24;36;66m▄[38;2;49;106;226;48;2;21;29;51m▄[38;2;43;89;189;48;2;20;26;45m▄[38;2;44;93;196;48;2;50;107;228m▌[38;2;50;107;228m▄▄[48;2;44;92;195m▌[0m
[38;2;18;20;31;48;2;37;71;147m▄[38;2;43;88;186;48;2;50;107;228m▄[38;2;50;107;228m▄▄▄▄▄[38;2;49;106;227;48;2;37;73;152m▄[38;2;30;52;104;48;2;18;18;25m▄[38;2;18;18;25;48;2;34;63;128m▄[38;2;27;45;88;48;2;50;107;228m▄[38;2;18;18;25;48;2;24;36;66m▄[38;2;35;68;139;48;2;20;24;39m▄[38;2;50;107;228;48;2;47;101;215m▄[48;2;48;101;215m▄[38;2;35;68;141;48;2;20;24;40m▄[38;2;18;18;25;48;2;24;35;65m▄[38;2;28;46;91;48;2;50;107;228m▄[38;2;18;18;25;48;2;34;65;132m▄[38;2;29;50;99;48;2;18;18;25m▄[38;2;49;106;227;48;2;37;72;149m▄[38;2;50;107;228;48;2;50;107;228m▄▄▄▄▄[38;2;43;88;186m▄[38;2;18;20;31;48;2;37;71;147m▄[0m
[38;2;18;18;25;48;2;18;18;25m▄[48;2;21;27;47m▄[38;2;25;39;73;48;2;46;98;209m▄[38;2;49;105;223;48;2;50;107;228m▄[38;2;50;107;228m▄▄▄▄[48;2;49;106;226m▄[38;2;49;106;226;48;2;33;60;123m▄[38;2;20;26;44;48;2;18;19;28m▄[38;2;28;47;93;48;2;18;18;25m▄[38;2;22;30;52;48;2;28;47;92m▄[38;2;18;18;25;48;2;33;62;125m▄[48;2;33;62;126m▄[38;2;21;28;50;48;2;28;48;94m▄[38;2;28;46;91;48;2;18;18;25m▄[38;2;20;26;43;48;2;18;18;27m▄[38;2;49;106;226;48;2;32;58;117m▄[38;2;50;107;228;48;2;49;105;225m▄[48;2;50;107;228m▄▄▄▄[38;2;49;104;223m▄[38;2;25;39;73;48;2;46;98;209m▄[38;2;18;18;25;48;2;21;27;47m▄[48;2;18;18;25m▄[0m
[38;2;18;18;25;48;2;18;18;25m▄▄▄[48;2;30;54;108m▄[38;2;37;71;148;48;2;49;107;227m▄[38;2;50;107;228;48;2;50;107;228m▄▄▄▄[38;2;39;78;164;48;2;22;31;56m▌[38;2;25;38;72;48;2;45;94;199m▌[38;2;50;107;228;48;2;50;107;228m▄▄[48;2;49;105;224m▄▄[48;2;49;107;227m▄[48;2;50;107;228m▄[38;2;45;94;200;48;2;25;39;74m▌[38;2;22;31;56;48;2;39;78;163m▌[38;2;50;107;228;48;2;50;107;228m▄▄▄▄[38;2;37;71;148;48;2;49;107;227m▄[38;2;18;18;25;48;2;30;54;108m▄[48;2;18;18;25m▄▄▄[0m
[38;2;18;18;25;48;2;18;18;25m▄▄▄▄[48;2;18;20;30m▄[38;2;21;26;45;48;2;42;86;182m▄[38;2;46;97;207;48;2;50;107;228m▄[38;2;50;107;228m▄▄[48;2;49;106;227m▄[48;2;50;107;228m▄▄▄▄▄▄▄▄[48;2;49;106;227m▄[48;2;50;107;228m▄▄[38;2;46;97;207m▄[38;2;21;26;45;48;2;42;86;182m▄[38;2;18;18;25;48;2;18;20;30m▄[48;2;18;18;25m▄▄▄▄[0m
[38;2;18;18;25;48;2;18;18;25m▄▄▄▄▄▄[48;2;24;37;70m▄[38;2;25;39;73;48;2;49;104;222m▄[38;2;37;72;149;48;2;50;107;228m▄[38;2;38;75;157m▄▄▄▄▄▄▄▄▄▄[38;2;37;71;149m▄[38;2;25;39;73;48;2;49;104;222m▄[38;2;18;18;25;48;2;24;37;70m▄[48;2;18;18;25m▄▄▄▄▄▄[0m
