[?25l[0m[7m[38;2;18;18;25m [0m[38;2;0;0;0;48;2;18;18;25m      [38;2;25;23;25m▗[38;2;111;93;26;48;2;34;31;25m▗[38;2;18;18;25;48;2;158;131;27m▀[48;2;204;168;28m▀[48;2;231;190;28m▀▀[48;2;206;170;28m▀[48;2;162;134;27m▀[38;2;115;96;27;48;2;35;32;25m▖[38;2;28;26;25;48;2;18;18;25m▖       [0m
[7m[38;2;18;18;25m [0m[38;2;0;0;0;48;2;18;18;25m   [38;2;30;28;25m▗[38;2;18;18;25;48;2;166;137;27m▀[38;2;97;82;26;48;2;254;209;29m▀[38;2;197;163;28;48;2;251;207;29m▘[48;2;254;209;29m        [38;2;204;168;28;48;2;252;207;29m▝[38;2;104;88;26;48;2;254;209;29m▀[38;2;18;18;25;48;2;176;145;28m▀[38;2;36;32;25;48;2;18;18;25m▖    [0m
[7m[38;2;18;18;25m [0m[38;2;0;0;0;48;2;18;18;25m  [38;2;216;178;28;48;2;36;32;25m▗[38;2;126;105;27;48;2;248;204;29m▘[48;2;254;209;29m              [38;2;140;116;27;48;2;250;206;29m▝[38;2;226;186;29;48;2;42;37;25m▖[48;2;18;18;25m   [0m
[7m[38;2;18;18;25m [0m[38;2;0;0;0;48;2;18;18;25m [38;2;250;206;29;48;2;66;56;26m▗[38;2;246;203;29;48;2;254;209;29m▘  [38;2;231;190;29m▗[38;2;221;182;28;48;2;34;31;25m▀[38;2;176;146;28;48;2;18;18;25m▀[38;2;25;24;25;48;2;221;182;28m▖[48;2;254;209;29m    [38;2;45;39;25;48;2;241;198;29m▗[38;2;181;150;28;48;2;18;18;25m▀[38;2;210;173;28;48;2;23;22;25m▀[38;2;186;154;28;48;2;254;209;29m▖  [38;2;251;206;29m▝[38;2;253;208;29;48;2;79;68;26m▖[48;2;18;18;25m  [0m
[7m[38;2;18;18;25m [0m[38;2;132;110;27;48;2;23;22;25m▗[38;2;234;192;29;48;2;254;209;29m▘ [38;2;59;51;26;48;2;186;154;28m▐[38;2;118;98;27;48;2;53;46;25m▝[38;2;222;183;28;48;2;248;204;29m▝[38;2;25;24;25;48;2;205;169;28m▀[38;2;76;65;26;48;2;249;205;29m▀[38;2;112;94;27;48;2;254;209;29m▀    [38;2;62;54;26;48;2;240;197;29m▝[38;2;85;71;26;48;2;254;209;29m▀[38;2;19;19;25;48;2;200;165;28m▀[38;2;167;138;27;48;2;254;209;29m▘[38;2;45;40;25;48;2;130;108;27m▐[38;2;149;124;27;48;2;49;43;25m▐[48;2;254;209;29m [38;2;244;201;29m▝[38;2;155;129;27;48;2;28;26;25m▖[48;2;18;18;25m [0m
[7m[38;2;18;18;25m [0m[38;2;214;176;28;48;2;18;18;25m▐[48;2;254;209;29m  [38;2;253;208;29m▝[38;2;249;205;29m▘  [38;2;149;124;27;48;2;232;191;29m▗[38;2;199;164;28;48;2;252;207;29m▖[48;2;254;209;29m    [38;2;213;176;28;48;2;253;208;29m▗[38;2;161;133;27;48;2;223;184;28m▖[48;2;254;209;29m  [38;2;250;206;29m▝[38;2;251;207;29m▘  [38;2;18;18;25;48;2;234;192;29m▐[48;2;18;18;25m [0m
[7m[38;2;18;18;25m [0m[38;2;168;139;28;48;2;18;18;25m▐[38;2;252;208;29;48;2;254;209;29m▗[38;2;252;207;29m▖    [38;2;40;35;25;48;2;193;159;28m▐[38;2;27;25;25;48;2;18;18;25m▝[38;2;119;99;27;48;2;40;35;25m▝[38;2;162;134;27;48;2;45;40;25m▀[38;2;167;138;27;48;2;40;36;25m▀[38;2;126;105;27;48;2;47;41;25m▘[38;2;36;33;25;48;2;18;18;25m▘[38;2;213;176;28;48;2;46;40;25m▗[48;2;254;209;29m    [38;2;252;207;29m▗[38;2;252;208;29m▖[38;2;18;18;25;48;2;191;158;28m▐[48;2;18;18;25m [0m
[7m[38;2;18;18;25m [0m[38;2;35;32;25;48;2;18;18;25m▝[38;2;63;54;26;48;2;141;117;27m▞[38;2;120;100;27;48;2;253;208;29m▀[38;2;84;71;26;48;2;192;158;28m▗[38;2;69;59;26;48;2;204;168;28m▗[38;2;137;114;27;48;2;202;167;28m▘[38;2;63;54;26;48;2;224;185;28m▖[38;2;240;198;29;48;2;254;209;29m▝[38;2;81;69;26;48;2;252;208;29m▀[38;2;168;139;28;48;2;251;206;29m▘[38;2;203;167;28;48;2;254;209;29m▝[38;2;171;142;28m▘[38;2;194;160;28;48;2;253;208;29m▝[38;2;76;64;26;48;2;252;208;29m▀[38;2;219;181;28;48;2;254;209;29m▘[38;2;63;54;26;48;2;224;184;28m▗[38;2;137;114;27;48;2;202;167;28m▝[38;2;69;59;26;48;2;205;169;28m▖[38;2;84;71;26;48;2;192;158;28m▖[38;2;121;101;27;48;2;253;208;29m▀[38;2;143;119;27;48;2;63;54;26m▞[38;2;49;43;26;48;2;18;18;25m▘ [0m
[38;2;234;192;29;48;2;54;47;25m▝[38;2;159;132;27;48;2;205;169;28m▝[38;2;56;48;26;48;2;245;201;29m▀[38;2;185;153;28;48;2;80;68;26m▞[38;2;109;91;27;48;2;231;190;29m▖[38;2;240;197;29;48;2;69;59;26m▖[38;2;54;47;26;48;2;220;182;28m▖[38;2;63;55;26;48;2;236;194;29m▝[38;2;226;186;29;48;2;118;99;27m▀[38;2;250;206;29;48;2;254;209;29m▖    ▗[38;2;225;186;28;48;2;118;98;27m▀[38;2;63;54;26;48;2;236;194;29m▘[38;2;53;46;26;48;2;220;181;28m▗[38;2;240;198;29;48;2;69;59;26m▗[38;2;108;91;27;48;2;231;190;29m▗[38;2;80;68;26;48;2;185;153;28m▞[38;2;56;48;26;48;2;245;201;29m▀[38;2;158;131;27;48;2;205;169;28m▘[38;2;234;192;29;48;2;53;46;25m▘[0m
[38;2;79;67;26;48;2;170;141;27m▖[38;2;111;93;26;48;2;233;192;29m▀[38;2;114;95;27;48;2;215;177;28m▀[38;2;235;193;29;48;2;113;94;27m▀[38;2;151;126;27;48;2;248;204;29m▀[38;2;227;187;29;48;2;252;208;29m▘[38;2;184;152;28;48;2;231;190;29m▝[38;2;253;208;29;48;2;254;209;29m▘[38;2;171;142;28;48;2;253;208;29m▝[38;2;215;177;28;48;2;94;79;26m▞[38;2;144;120;27;48;2;254;209;29m▖  [38;2;143;119;27m▗[38;2;94;79;26;48;2;214;177;28m▞[38;2;172;142;28;48;2;253;208;29m▘[38;2;253;208;29;48;2;254;209;29m▝[38;2;184;152;28;48;2;231;190;29m▘[38;2;227;187;29;48;2;252;208;29m▝[38;2;151;126;27;48;2;248;204;29m▀[38;2;235;193;29;48;2;113;94;27m▀[38;2;114;95;27;48;2;215;177;28m▀[38;2;111;93;27;48;2;233;192;29m▀[38;2;79;67;26;48;2;170;141;27m▗[0m
[38;2;200;165;28;48;2;65;56;26m▀[38;2;126;105;27;48;2;184;152;28m▝[38;2;115;97;27;48;2;243;200;29m▀[38;2;213;176;28;48;2;249;205;29m▘[48;2;254;209;29m     [38;2;60;52;26;48;2;224;185;28m▗[38;2;238;196;29;48;2;96;81;26m▐[38;2;232;191;29;48;2;248;204;29m▖[38;2;233;192;29m▗[38;2;97;82;26;48;2;239;196;29m▐[38;2;60;52;26;48;2;224;185;28m▖[48;2;254;209;29m     [38;2;213;175;28;48;2;249;205;29m▝[38;2;115;96;27;48;2;243;200;29m▀[38;2;127;105;27;48;2;184;152;28m▘[38;2;200;165;28;48;2;65;56;26m▀[0m
[7m[38;2;18;18;25m [0m[38;2;0;0;0;48;2;18;18;25m [38;2;65;56;26;48;2;21;21;25m▝[38;2;133;111;27;48;2;47;42;25m▝[38;2;177;147;28;48;2;18;18;25m▀[38;2;216;178;28m▀[38;2;232;191;29m▀[38;2;215;177;28m▀[38;2;140;117;27m▀[38;2;30;28;25m▘    ▝[38;2;140;117;27m▀[38;2;215;177;28m▀[38;2;232;191;29m▀[38;2;216;178;28m▀[38;2;177;147;28m▀[38;2;133;111;27;48;2;47;42;25m▘[38;2;65;56;26;48;2;21;21;25m▘[48;2;18;18;25m  [0m
[?25h