[?25l[0m[7m[38;2;18;18;25m [0m[38;2;0;0;0;48;2;18;18;25m                       [0m
[7m[38;2;18;18;25m [0m[38;2;0;0;0;48;2;18;18;25m         [38;2;21;45;69m▗[38;2;18;18;25;48;2;29;104;164m▀▀[38;2;25;75;117;48;2;18;18;25m▖          [0m
[7m[38;2;18;18;25m [0m[38;2;0;0;0;48;2;18;18;25m         [38;2;24;64;100;48;2;19;28;41m▝[38;2;30;108;170;48;2;34;135;214m▖▖[38;2;18;18;25;48;2;28;93;147m▐[48;2;18;18;25m          [0m
[7m[38;2;18;18;25m [0m[38;2;0;0;0;48;2;18;18;25m   [38;2;20;36;54;48;2;18;23;33m▗[38;2;34;140;222;48;2;35;146;231m▘[38;2;34;140;223m▝[38;2;21;42;63;48;2;33;132;210m▐[38;2;34;140;222;48;2;35;146;231m▘[38;2;34;140;223m▝[38;2;23;61;95;48;2;32;126;199m▐[38;2;34;140;222;48;2;35;146;231m▘[38;2;34;140;223m▝[38;2;18;18;25;48;2;29;105;165m▐[48;2;18;18;25m    [38;2;20;32;47;48;2;31;118;186m▀[38;2;18;22;31;48;2;32;120;190m▀[38;2;19;29;43;48;2;18;18;25m▖   [0m
[7m[38;2;18;18;25m [0m[38;2;0;0;0;48;2;18;18;25m [38;2;21;44;67;48;2;36;146;231m▀[38;2;21;46;69;48;2;36;149;236m▀[38;2;36;149;236;48;2;20;38;58m▖[38;2;28;98;154;48;2;33;132;209m▘[38;2;28;99;156m▝[38;2;20;37;55;48;2;30;112;177m▐[38;2;28;98;155;48;2;33;132;209m▘[38;2;28;99;156m▝[38;2;33;131;207;48;2;23;62;97m▖[38;2;28;99;155;48;2;33;132;209m▘[38;2;28;99;156m▝[38;2;19;28;41;48;2;26;84;132m▝[38;2;21;45;69;48;2;36;149;236m▀[38;2;21;46;69m▀[38;2;28;97;152;48;2;19;23;33m▖[38;2;25;72;113;48;2;19;28;41m▗[38;2;36;149;235;48;2;36;149;236m▘ [38;2;20;35;53;48;2;34;136;214m▝[38;2;18;18;25;48;2;29;103;162m▀[48;2;28;97;152m▀[38;2;25;72;113;48;2;19;24;35m▖[0m
[38;2;26;80;125;48;2;19;30;44m▗[38;2;18;18;25;48;2;26;80;126m▀[38;2;27;94;148;48;2;33;130;205m▖[38;2;28;97;153;48;2;33;132;208m▖[38;2;36;149;236;48;2;25;73;114m▘[38;2;28;96;152;48;2;33;132;208m▖[38;2;28;97;153m▖[38;2;34;137;217;48;2;25;72;113m▘[38;2;28;97;153;48;2;33;132;208m▖▖[38;2;33;130;206;48;2;26;79;124m▘[38;2;28;97;153;48;2;33;132;208m▖▖[38;2;26;80;125;48;2;29;99;155m▐[38;2;28;97;153;48;2;33;132;208m▖▖[38;2;18;18;25;48;2;27;89;139m▝[38;2;19;25;36;48;2;29;102;160m▀[38;2;34;138;218;48;2;35;145;230m▖[48;2;36;149;236m   [38;2;32;124;196;48;2;36;149;235m▗[38;2;33;128;203;48;2;21;44;67m▀[0m
[38;2;34;138;219;48;2;36;148;235m▖[48;2;36;149;236m                  [38;2;30;109;172m▗[38;2;27;90;142;48;2;18;19;27m▀[38;2;25;71;111;48;2;20;30;44m▘[38;2;19;31;46;48;2;18;18;25m▘ [0m
[38;2;21;44;67;48;2;34;133;210m▖[48;2;36;149;236m                 [38;2;27;87;137;48;2;36;148;235m▗[38;2;30;109;171;48;2;18;20;28m▘[48;2;18;18;25m    [0m
[38;2;27;86;135;48;2;18;18;25m▝[38;2;27;90;142;48;2;36;149;236m▖              [38;2;32;127;201m▗[38;2;34;138;218;48;2;21;43;66m▀[38;2;22;49;76;48;2;18;18;25m▘     [0m
[7m[38;2;18;18;25m [0m[38;2;23;57;88;48;2;18;18;25m▝[38;2;34;138;219;48;2;20;36;54m▀[38;2;28;95;150;48;2;35;142;225m▖[38;2;36;147;233;48;2;36;149;236m▖       ▗[38;2;29;105;165;48;2;35;143;226m▗[38;2;36;149;236;48;2;23;59;92m▀[38;2;31;117;185;48;2;18;19;26m▀[38;2;22;50;77;48;2;18;18;25m▘       [0m
[7m[38;2;18;18;25m [0m[38;2;0;0;0;48;2;18;18;25m   [38;2;21;43;66;48;2;18;20;28m▝[38;2;25;74;115;48;2;20;32;47m▝[38;2;27;87;136;48;2;18;18;25m▀[38;2;29;100;158m▀[38;2;29;103;163m▀[38;2;28;99;156m▀[38;2;27;83;129m▀[38;2;24;71;110;48;2;20;30;44m▘[38;2;20;41;62;48;2;18;19;27m▘[48;2;18;18;25m           [0m
[7m[38;2;18;18;25m [0m[38;2;0;0;0;48;2;18;18;25m                       [0m
[?25h