[?25l[0m[7m[38;2;18;18;25m [0m[38;2;0;0;0;48;2;18;18;25m        [38;2;185;67;39;48;2;35;23;26m▗[38;2;69;33;29;48;2;221;79;42m▘[38;2;227;80;43;48;2;247;87;45m▘[38;2;226;80;43m▝[38;2;68;32;29;48;2;221;79;42m▝[38;2;184;67;39;48;2;35;23;26m▖[48;2;18;18;25m         [0m
[7m[38;2;18;18;25m [0m[38;2;0;0;0;48;2;18;18;25m      [38;2;185;67;39;48;2;35;23;26m▗[38;2;70;33;29;48;2;227;81;43m▘[38;2;248;88;45;48;2;249;88;45m▘    ▝[38;2;72;33;29;48;2;227;81;43m▝[38;2;188;68;39;48;2;36;23;26m▖[48;2;18;18;25m       [0m
[7m[38;2;18;18;25m [0m[38;2;0;0;0;48;2;18;18;25m    [38;2;184;67;39;48;2;35;23;26m▗[38;2;70;33;29;48;2;227;81;43m▘[38;2;248;88;45;48;2;249;88;45m▘ ▗[38;2;150;57;36;48;2;234;83;44m▗[38;2;249;88;45;48;2;111;45;33m▀[48;2;113;46;33m▀[38;2;158;59;37;48;2;237;84;44m▖[48;2;249;88;45m   [38;2;75;35;29;48;2;229;82;43m▝[38;2;191;70;39;48;2;38;24;27m▖[48;2;18;18;25m     [0m
[7m[38;2;18;18;25m [0m[38;2;0;0;0;48;2;18;18;25m  [38;2;185;67;39;48;2;35;23;26m▗[38;2;70;33;29;48;2;227;81;43m▘[38;2;248;88;45;48;2;249;88;45m▘ [38;2;247;87;45m▗[38;2;56;29;28;48;2;222;79;42m▗[38;2;167;62;37;48;2;51;27;27m▘[38;2;39;24;27;48;2;221;79;42m▀[38;2;131;51;34;48;2;249;88;45m▀▀[38;2;39;24;27;48;2;220;79;42m▀[38;2;183;67;39;48;2;56;29;28m▝[38;2;69;33;29;48;2;227;81;43m▖[38;2;248;88;45;48;2;249;88;45m▖  [38;2;78;36;30;48;2;230;82;43m▝[38;2;194;71;40;48;2;39;24;27m▖[48;2;18;18;25m   [0m
[7m[38;2;18;18;25m [0m[38;2;185;67;39;48;2;35;23;26m▗[38;2;70;33;29;48;2;227;81;43m▘[38;2;248;88;45;48;2;249;88;45m▘ ▗[38;2;63;31;29;48;2;225;80;43m▗[38;2;174;65;38;48;2;52;28;28m▘[38;2;48;27;27;48;2;221;79;42m▀[38;2;193;70;40;48;2;249;88;45m▘    [38;2;194;71;40m▝[38;2;49;27;27;48;2;222;79;42m▀[38;2;184;67;39;48;2;56;29;28m▝[38;2;69;33;29;48;2;227;81;43m▖[38;2;248;88;45;48;2;249;88;45m▖  [38;2;81;36;30;48;2;231;82;43m▝[38;2;197;72;40;48;2;40;24;27m▖[48;2;18;18;25m [0m
[38;2;50;27;28;48;2;217;78;42m▘[38;2;248;88;45;48;2;249;88;45m▘ ▗[38;2;70;33;29;48;2;228;81;43m▗[38;2;183;67;39;48;2;54;28;28m▘[38;2;48;27;27;48;2;221;79;42m▀[38;2;194;70;40;48;2;249;88;45m▘        [38;2;197;72;40m▝[38;2;50;27;28;48;2;224;80;43m▀[38;2;184;67;39;48;2;57;29;28m▝[38;2;69;32;29;48;2;227;81;43m▖[38;2;248;88;45;48;2;249;88;45m▖  [38;2;58;29;28;48;2;223;80;43m▝[0m
[38;2;51;27;28;48;2;217;78;42m▖[38;2;248;88;45;48;2;249;88;45m▖[38;2;78;36;30;48;2;231;82;43m▗[38;2;191;70;39;48;2;57;29;28m▘[38;2;48;27;27;48;2;221;79;42m▀[38;2;193;70;40;48;2;249;88;45m▘            [38;2;200;72;40m▝[38;2;52;28;28;48;2;225;80;43m▀[38;2;184;67;39;48;2;58;30;28m▝[38;2;69;33;29;48;2;227;81;43m▖[38;2;246;87;45;48;2;248;88;45m▗[38;2;43;25;27;48;2;210;76;41m▗[0m
[7m[38;2;18;18;25m [0m[38;2;81;36;30;48;2;55;29;28m▝[38;2;48;27;27;48;2;221;79;42m▀[38;2;193;70;40;48;2;249;88;45m▘                [38;2;202;73;41m▝[38;2;54;28;28;48;2;226;81;43m▀[38;2;90;39;31;48;2;47;26;27m▖[48;2;18;18;25m [0m
[38;2;48;27;27;48;2;197;72;40m▀[38;2;193;70;40;48;2;249;88;45m▘                    [38;2;206;74;41m▝[38;2;55;29;28;48;2;203;73;41m▀[0m
[38;2;132;52;34;48;2;246;87;45m▖[48;2;249;88;45m         [38;2;192;70;40m▗[38;2;220;79;42;48;2;47;27;27m▀[38;2;221;79;42;48;2;48;27;27m▀[38;2;194;70;40;48;2;249;88;45m▖         [38;2;133;52;34;48;2;246;87;45m▗[0m
[38;2;62;30;29;48;2;18;18;25m▝[38;2;211;76;42;48;2;40;24;27m▀[38;2;176;65;38;48;2;248;88;45m▖[48;2;249;88;45m     [38;2;192;70;40m▗[38;2;220;79;42;48;2;47;27;27m▀[38;2;77;35;30;48;2;18;18;25m▘  [38;2;78;35;30m▝[38;2;221;79;42;48;2;48;27;27m▀[38;2;193;70;40;48;2;249;88;45m▖     [38;2;174;64;38;48;2;248;88;45m▗[38;2;210;76;41;48;2;39;24;27m▀[38;2;60;30;28;48;2;18;18;25m▘[0m
[7m[38;2;18;18;25m [0m[38;2;0;0;0;48;2;18;18;25m [38;2;62;30;29m▝[38;2;211;76;42;48;2;40;24;27m▀[38;2;160;60;37;48;2;240;85;44m▖[38;2;244;86;44;48;2;247;87;45m▖[38;2;170;63;38;48;2;242;86;44m▗[38;2;220;79;42;48;2;47;26;27m▀[38;2;77;35;30;48;2;18;18;25m▘      [38;2;78;35;30m▝[38;2;221;79;42;48;2;48;27;27m▀[38;2;172;64;38;48;2;242;86;44m▖[38;2;244;86;44;48;2;247;87;45m▗[38;2;159;60;37;48;2;240;85;44m▗[38;2;210;76;41;48;2;39;24;27m▀[38;2;60;30;28;48;2;18;18;25m▘  [0m
[?25h