[?25l[0m[7m[38;2;18;18;25m [0m[38;2;0;0;0;48;2;18;18;25m                       [0m
[7m[38;2;18;18;25m [0m[38;2;23;27;35;48;2;19;19;26m▗[38;2;28;34;43;48;2;21;22;30m▗[38;2;32;41;52;48;2;22;24;32m▗[38;2;38;50;62;48;2;24;27;36m▗[38;2;18;18;25;48;2;41;55;68m▀[38;2;44;60;73;48;2;26;31;40m▗[38;2;46;63;77;48;2;27;33;42m▗[38;2;18;18;25;48;2;50;69;84m▀[48;2;47;65;79m▀[38;2;37;49;61;48;2;22;24;32m▖[38;2;21;23;31;48;2;18;18;25m▖            [0m
[7m[38;2;18;18;25m [0m[38;2;29;36;46;48;2;19;19;27m▗[38;2;39;52;64;48;2;23;27;35m▗[38;2;43;58;71;48;2;25;29;38m▗[38;2;47;65;79;48;2;27;32;41m▗[38;2;18;18;25;48;2;48;66;80m▀[38;2;20;22;29;48;2;47;64;79m▀[38;2;25;30;38;48;2;45;61;75m▀[38;2;27;32;41;48;2;44;60;73m▀[38;2;30;38;48;48;2;44;60;74m▀[38;2;43;59;72;48;2;47;64;78m▀[38;2;49;67;82;48;2;54;77;93m▖[38;2;52;72;88;48;2;59;83;101m▝[38;2;47;65;79;48;2;21;23;30m▖[48;2;18;18;25m          [0m
[38;2;25;30;39;48;2;19;19;27m▝[38;2;27;32;41m▘[48;2;18;18;25m  [38;2;26;31;40m▗[38;2;48;67;81;48;2;25;30;39m▗[38;2;18;18;25;48;2;50;69;84m▀[38;2;46;62;76;48;2;32;40;50m▖[38;2;52;73;88;48;2;31;39;49m▝[38;2;56;79;96;48;2;18;18;25m▀[38;2;58;82;98m▀[38;2;55;77;94m▀[38;2;50;69;85;48;2;26;31;40m▘[38;2;27;33;43;48;2;69;100;120m▞[38;2;18;18;25;48;2;61;86;104m▀[48;2;52;72;88m▀[38;2;46;63;77;48;2;27;33;42m▖[38;2;36;47;58;48;2;25;29;38m▗[38;2;33;43;54;48;2;23;26;34m▗[38;2;23;26;34;48;2;18;18;25m▖    [0m
[7m[38;2;18;18;25m [0m[38;2;0;0;0;48;2;18;18;25m [38;2;25;30;38;48;2;21;22;30m▗[38;2;37;50;61;48;2;23;27;35m▝[38;2;41;55;67;48;2;24;27;36m▘[38;2;23;27;35;48;2;18;18;25m▘     [38;2;23;26;34m▗[38;2;24;29;37;48;2;66;95;114m▘[38;2;66;94;114;48;2;20;21;28m▀[38;2;42;57;70;48;2;23;26;34m▘[38;2;34;43;55m▝[38;2;49;68;83;48;2;26;31;40m▝[38;2;66;94;114;48;2;18;18;25m▀[38;2;63;91;109;48;2;28;33;43m▀[38;2;46;63;77;48;2;66;95;113m▞[38;2;73;106;126;48;2;30;37;47m▖[48;2;18;18;25m   [0m
[7m[38;2;18;18;25m [0m[38;2;0;0;0;48;2;18;18;25m          [38;2;45;62;75;48;2;26;30;39m▝[38;2;36;47;58;48;2;84;123;147m▐[48;2;18;18;25m      [38;2;29;36;46m▝[38;2;59;83;101m▀[38;2;56;80;96;48;2;33;43;54m▘[38;2;21;23;31;48;2;19;19;26m▘[48;2;18;18;25m [0m
[7m[38;2;18;18;25m [0m[38;2;0;0;0;48;2;18;18;25m          [38;2;18;19;26m▝[38;2;70;101;121;48;2;26;31;40m▀[38;2;22;25;33;48;2;63;90;109m▝[38;2;18;18;25;48;2;60;86;104m▀[48;2;45;62;76m▀[38;2;43;58;71;48;2;26;31;40m▖[38;2;39;52;65;48;2;24;27;36m▖[38;2;33;41;52;48;2;22;24;32m▖[38;2;24;27;36;48;2;18;18;25m▖    [0m
[7m[38;2;18;18;25m [0m[38;2;0;0;0;48;2;18;18;25m            [38;2;18;19;26m▝[38;2;34;43;54;48;2;21;23;31m▝[38;2;41;56;68;48;2;25;29;37m▝[38;2;45;61;75;48;2;26;31;40m▝[38;2;49;67;82;48;2;18;18;25m▀[38;2;62;88;106m▀[38;2;78;113;135;48;2;21;24;31m▀[38;2;46;62;77;48;2;61;87;105m▞[38;2;47;64;78;48;2;38;50;62m▘[38;2;18;18;25;48;2;49;67;82m▀[38;2;22;24;32;48;2;18;18;25m▖[0m
[7m[38;2;18;18;25m [0m[38;2;0;0;0;48;2;18;18;25m                    [38;2;61;88;106;48;2;28;35;44m▝[38;2;62;88;106;48;2;22;24;32m▖[38;2;24;27;36;48;2;46;63;77m▞[0m
[7m[38;2;18;18;25m [0m[38;2;0;0;0;48;2;18;18;25m                     [38;2;45;62;76;48;2;30;38;48m▝[38;2;19;20;28;48;2;18;18;25m▝[0m
[7m[38;2;18;18;25m [0m[38;2;0;0;0;48;2;18;18;25m                     [38;2;26;32;41m▝ [0m
[7m[38;2;18;18;25m [0m[38;2;0;0;0;48;2;18;18;25m                       [0m
[?25h