[0m[38;2;18;18;25;48;2;18;18;25m▄▄▄[38;2;22;18;26m▄[38;2;146;37;64m▄[38;2;110;31;53;48;2;71;25;41m▄[38;2;66;25;39;48;2;105;31;52m▄[38;2;44;21;32;48;2;140;36;62m▄[38;2;30;19;28;48;2;145;37;64m▄[38;2;38;20;30;48;2;138;35;62m▄[38;2;57;23;36;48;2;122;33;57m▄[38;2;98;30;49;48;2;83;27;45m▄[38;2;134;35;61;48;2;26;19;27m▄[38;2;35;20;30;48;2;18;18;25m▄▄[38;2;135;35;61;48;2;26;19;27m▄[38;2;103;30;51;48;2;83;27;45m▄[38;2;59;24;37;48;2;122;33;57m▄[38;2;39;21;31;48;2;138;36;62m▄[38;2;30;19;28;48;2;146;37;64m▄[38;2;43;21;32;48;2;138;36;62m▄[38;2;68;25;40;48;2;105;31;52m▄[38;2;105;31;51;48;2;71;25;41m▄[38;2;142;37;63;48;2;18;18;25m▄[38;2;22;18;26m▄[38;2;18;18;25m▄▄▄[0m
[38;2;18;18;25;48;2;18;18;25m▄▄▄[48;2;29;19;28m▌[38;2;151;38;66;48;2;146;37;64m▌[38;2;50;22;34;48;2;18;18;25m▌[38;2;18;18;25m▄[38;2;24;18;26;48;2;33;19;29m▄[38;2;62;24;38;48;2;18;18;25m▄[38;2;64;24;38m▄[38;2;19;18;25m▄[38;2;18;18;25m▄[48;2;44;21;33m▄[38;2;116;33;55;48;2;113;32;54m▄[38;2;115;32;55;48;2;128;34;59m▌[38;2;18;18;25;48;2;54;23;35m▄[48;2;18;18;25m▄▄[38;2;62;24;38m▄[38;2;64;24;38m▄[38;2;32;19;29;48;2;25;18;27m▌[38;2;18;18;25;48;2;18;18;25m▄[48;2;38;20;30m▌[38;2;136;35;61;48;2;151;38;66m▌[38;2;29;19;28;48;2;18;18;25m▌[38;2;18;18;25m▄▄▄[0m
[38;2;18;18;25;48;2;18;18;25m▄▄▄▄[38;2;35;20;30;48;2;112;32;54m▌[38;2;146;37;64;48;2;81;27;44m▌[38;2;29;19;28;48;2;18;18;25m▄[38;2;18;18;25m▄▄[48;2;36;20;30m▄[38;2;19;18;25;48;2;99;29;49m▄[38;2;96;29;48;48;2;50;22;34m▄[38;2;114;32;54;48;2;18;18;25m▄[38;2;111;32;53;48;2;161;40;70m▌[38;2;161;40;70;48;2;122;33;57m▌[38;2;114;32;54;48;2;18;18;25m▄[38;2;103;30;51;48;2;44;21;33m▄[38;2;21;18;25;48;2;100;30;50m▄[38;2;18;18;25;48;2;41;21;31m▄[48;2;18;18;25m▄▄[38;2;25;18;27m▄[38;2;140;36;62;48;2;71;25;41m▄[38;2;112;32;54;48;2;35;20;30m▌[38;2;18;18;25;48;2;18;18;25m▄▄▄▄[0m
[38;2;18;18;25;48;2;18;18;25m▄▄▄▄▄[48;2;81;27;44m▄[38;2;75;26;42;48;2;134;35;60m▄[38;2;137;36;62;48;2;38;20;30m▄[38;2;94;29;48;48;2;18;18;25m▄[38;2;57;23;37m▄[38;2;91;28;47m▄[38;2;152;38;67;48;2;49;22;34m▄[38;2;161;40;70;48;2;160;39;69m▄[38;2;153;38;67;48;2;161;40;70m▄[38;2;152;38;66m▄[38;2;161;40;70m▄[38;2;155;38;67;48;2;60;24;38m▄[38;2;95;29;48;48;2;18;18;25m▄[38;2;59;24;37m▄[38;2;89;28;46m▄[38;2;134;35;60;48;2;34;20;30m▄[38;2;75;26;42;48;2;126;34;58m▄[38;2;95;29;48;48;2;59;23;37m▌[38;2;87;28;45;48;2;60;23;37m▄[38;2;88;28;46;48;2;34;20;29m▄[38;2;23;18;26;48;2;18;18;25m▄[38;2;18;18;25m▄▄[0m
[38;2;18;18;25;48;2;18;18;25m▄▄▄▄▄[38;2;54;23;36m▄[38;2;150;38;66;48;2;63;24;38m▄[38;2;45;22;33;48;2;147;37;65m▄[38;2;18;18;25;48;2;111;32;53m▄[38;2;30;19;28;48;2;82;28;45m▄[38;2;100;30;50;48;2;151;38;66m▌[38;2;49;22;34;48;2;141;36;63m▄[38;2;18;18;25;48;2;55;23;36m▄[48;2;18;18;25m▄▄[48;2;51;22;34m▄[38;2;32;20;29;48;2;134;35;61m▄[38;2;158;39;69;48;2;113;32;54m▌[38;2;32;20;29;48;2;94;29;48m▄[38;2;18;18;25;48;2;117;32;55m▄[38;2;43;21;32;48;2;147;37;65m▄[38;2;146;37;65;48;2;63;24;38m▄[38;2;87;28;46;48;2;48;22;33m▌[38;2;65;24;38;48;2;97;29;49m▄[38;2;51;22;35;48;2;87;28;45m▄[38;2;18;18;25;48;2;28;19;28m▄[48;2;18;18;25m▄▄[0m
[38;2;18;18;25;48;2;18;18;25m▄▄▄▄▄[38;2;118;33;56;48;2;161;40;70m▌[38;2;102;30;51;48;2;22;18;26m▌[38;2;59;24;37;48;2;18;18;25m▄[38;2;149;38;66;48;2;36;20;30m▄[38;2;134;35;61;48;2;141;36;63m▌[38;2;99;29;50;48;2;161;40;70m▄[38;2;122;33;57;48;2;99;30;50m▌[38;2;153;38;67;48;2;29;19;28m▄[38;2;138;35;62;48;2;18;18;25m▄[38;2;134;35;61m▄[38;2;144;37;64;48;2;20;18;25m▄[38;2;77;26;43;48;2;96;29;49m▌[38;2;78;26;43;48;2;161;40;70m▄[38;2;108;31;53;48;2;140;36;63m▄[38;2;149;38;65;48;2;38;20;31m▄[38;2;61;24;38;48;2;18;18;25m▄[38;2;19;18;25;48;2;75;26;42m▌[38;2;160;39;69;48;2;118;33;56m▌[38;2;18;18;25;48;2;18;18;25m▄▄▄▄▄[0m
[38;2;18;18;25;48;2;18;18;25m▄▄▄[38;2;41;21;32m▄[38;2;149;38;66;48;2;43;21;32m▄[38;2;89;28;47;48;2;160;39;69m▄[38;2;129;35;59;48;2;148;37;65m▌[38;2;128;34;59;48;2;160;39;69m▄[38;2;18;18;25;48;2;96;29;49m▄[48;2;19;18;25m▄[48;2;18;18;25m▄▄[48;2;45;22;33m▄[38;2;108;31;53;48;2;161;40;70m▌[38;2;161;40;70;48;2;126;34;58m▌[38;2;18;18;25;48;2;45;22;33m▄[48;2;18;18;25m▄▄▄[48;2;58;23;37m▄[38;2;97;30;49;48;2;158;39;68m▄[38;2;147;37;65;48;2;118;33;56m▌[38;2;77;26;43;48;2;160;39;69m▄[38;2;146;37;65;48;2;43;21;32m▄[38;2;41;21;32;48;2;18;18;25m▄[38;2;18;18;25m▄▄▄[0m
[38;2;18;18;25;48;2;18;18;25m▄▄[38;2;26;19;27m▄[38;2;121;33;57;48;2;158;39;69m▌[38;2;23;18;26;48;2;81;27;44m▄[38;2;18;18;25;48;2;18;18;25m▄[38;2;62;24;38;48;2;161;40;70m▌[38;2;124;34;58;48;2;18;18;25m▌[38;2;18;18;25m▄▄▄▄▄[38;2;77;26;43;48;2;161;40;70m▌[38;2;161;40;70;48;2;118;33;56m▌[38;2;27;19;27;48;2;18;18;25m▄[38;2;18;18;25m▄▄▄▄[48;2;83;27;45m▌[38;2;161;40;70;48;2;66;25;39m▌[38;2;18;18;25;48;2;18;18;25m▄[38;2;21;18;26;48;2;73;26;42m▄[38;2;156;39;68;48;2;121;33;57m▌[38;2;26;19;27;48;2;18;18;25m▄[38;2;18;18;25m▄▄[0m
[38;2;18;18;25;48;2;18;18;25m▄▄[48;2;36;20;30m▌[38;2;151;38;66;48;2;153;38;67m▄[38;2;42;21;32;48;2;18;18;25m▌[38;2;28;19;28m▄[38;2;129;34;59;48;2;161;40;70m▌[38;2;160;39;69;48;2;108;31;53m▄[38;2;93;29;48;48;2;18;18;25m▄[38;2;40;20;31m▄[38;2;44;21;32m▄[38;2;96;29;49m▄[38;2;124;34;58;48;2;76;26;42m▄[38;2;80;27;44;48;2;161;40;70m▄[38;2;78;26;43m▄[38;2;125;34;58;48;2;104;31;51m▌[38;2;129;34;59;48;2;20;18;25m▄[38;2;69;25;40;48;2;18;18;25m▄[38;2;57;23;37m▄[38;2;104;30;51m▄[38;2;160;39;69;48;2;101;30;50m▄[38;2;161;40;70;48;2;134;35;61m▌[38;2;32;20;29;48;2;18;18;25m▄[38;2;18;18;25;48;2;45;22;33m▌[38;2;151;38;66;48;2;153;38;67m▄[38;2;36;20;30;48;2;18;18;25m▌[38;2;18;18;25m▄▄[0m
[38;2;18;18;25;48;2;18;18;25m▄▄▄[38;2;19;18;25;48;2;87;28;46m▄[38;2;148;37;65;48;2;126;34;58m▄[38;2;128;34;59;48;2;106;31;52m▄[38;2;20;18;25;48;2;154;38;67m▄[38;2;34;20;29;48;2;159;39;69m▄[38;2;117;33;55;48;2;161;40;70m▄[38;2;161;40;70m▄[38;2;154;38;67m▄[38;2;22;18;26;48;2;97;29;49m▄[38;2;18;18;25;48;2;18;18;25m▄▄▄▄[48;2;77;26;43m▄[38;2;138;36;62;48;2;161;40;70m▄[38;2;158;39;69m▄[38;2;68;25;40;48;2;160;39;69m▄[38;2;18;18;25;48;2;115;32;55m▄[48;2;96;29;49m▄[38;2;121;33;57;48;2;114;32;54m▄[38;2;148;37;65;48;2;131;35;60m▄[38;2;19;18;25;48;2;87;28;46m▄[38;2;18;18;25;48;2;18;18;25m▄▄▄[0m
[38;2;18;18;25;48;2;18;18;25m▄▄▄▄[38;2;34;20;30;48;2;133;35;60m▌[38;2;161;40;70;48;2;66;25;40m▌[38;2;18;18;25;48;2;18;18;25m▄▄[48;2;19;18;25m▄[38;2;28;19;28;48;2;112;32;54m▄[38;2;156;39;68;48;2;142;37;64m▌[38;2;40;21;31;48;2;18;18;25m▄[38;2;18;18;25m▄▄▄▄[38;2;28;19;28m▄[38;2;116;32;55;48;2;142;37;63m▌[38;2;19;18;25;48;2;79;27;43m▄[38;2;18;18;25;48;2;18;18;25m▄▄▄[38;2;57;23;37;48;2;161;40;70m▌[38;2;133;35;60;48;2;34;20;30m▌[38;2;18;18;25;48;2;18;18;25m▄▄▄▄[0m
[38;2;18;18;25;48;2;18;18;25m▄▄▄▄[48;2;24;18;26m▄[38;2;63;24;38;48;2;148;37;65m▄[38;2;146;37;64;48;2;47;22;33m▄[38;2;53;23;35;48;2;18;18;25m▄[38;2;18;18;25m▄▄[38;2;88;28;46;48;2;161;40;70m▌[38;2;161;40;70;48;2;138;36;62m▄[38;2;160;39;69;48;2;43;21;32m▄[38;2;138;36;62;48;2;18;18;25m▄[38;2;134;35;61m▄[38;2;158;39;69;48;2;35;20;30m▄[38;2;161;40;70;48;2;127;34;58m▄[48;2;44;21;32m▌[38;2;18;18;25;48;2;18;18;25m▄▄[38;2;46;22;33m▄[38;2;143;37;64;48;2;43;21;32m▄[38;2;63;24;38;48;2;146;37;64m▄[38;2;18;18;25;48;2;24;18;26m▄[48;2;18;18;25m▄▄▄▄[0m
[38;2;18;18;25;48;2;18;18;25m▄▄▄▄▄▄[48;2;57;23;36m▄[38;2;20;18;25;48;2;138;36;62m▄[38;2;89;28;46;48;2;137;36;62m▄[38;2;156;39;68;48;2;134;35;61m▄[38;2;158;39;69;48;2;161;40;70m▄[38;2;29;19;28;48;2;127;34;58m▄[38;2;18;18;25;48;2;74;26;42m▄[48;2;47;22;34m▄[48;2;43;21;32m▄[48;2;59;24;37m▄[38;2;25;19;27;48;2;101;30;50m▄[38;2;145;37;65;48;2;159;39;69m▌[38;2;156;39;68;48;2;121;33;57m▄[38;2;89;28;46;48;2;128;34;59m▄[38;2;20;18;25;48;2;137;36;62m▄[38;2;18;18;25;48;2;56;23;36m▄[48;2;18;18;25m▄▄▄▄▄▄[0m
[38;2;18;18;25;48;2;18;18;25m▄▄▄▄▄▄▄▄▄[48;2;32;20;29m▄[48;2;100;30;50m▄[38;2;61;24;38;48;2;137;36;62m▄[38;2;130;34;59;48;2;55;23;36m▄[38;2;150;38;65;48;2;18;18;25m▄[38;2;149;37;65m▄[38;2;130;34;59;48;2;51;22;35m▄[38;2;61;24;38;48;2;133;35;60m▄[38;2;18;18;25;48;2;100;30;50m▄[48;2;32;20;29m▄[48;2;18;18;25m▄▄▄▄▄▄▄▄▄[0m
