[0m
   [38;2;66;183;101m░[38;2;67;182;105m▒[38;2;67;182;110m▓ [38;2;68;181;118mR[38;2;69;180;122mA[38;2;70;180;126mC[38;2;70;180;130mK[38;2;71;179;135m-[38;2;71;179;139mW[38;2;72;178;143mI[38;2;73;178;147mZ[38;2;73;177;151mA[38;2;74;177;155mR[38;2;74;176;160mD [38;2;76;175;168m▓[38;2;76;175;172m▒[38;2;77;175;176m░[0m
   [38;2;66;182;104m┏[38;2;67;182;106m━[38;2;67;182;108m━[38;2;67;182;110m━[38;2;68;182;112m━[38;2;68;181;114m━[38;2;68;181;116m━[38;2;68;181;118m━[38;2;69;181;120m━[38;2;69;180;122m━[38;2;69;180;124m━[38;2;70;180;126m━[38;2;70;180;128m━[38;2;70;180;130m━[38;2;70;179;132m━[38;2;71;179;134m━[38;2;71;179;136m━[38;2;71;179;138m━[38;2;72;178;140m━[38;2;72;178;142m━[38;2;72;178;144m━[38;2;72;178;146m━[38;2;73;178;148m━[38;2;73;177;150m━[38;2;73;177;152m━[38;2;74;177;154m━[38;2;74;177;157m━[38;2;74;176;159m━[38;2;75;176;161m━[38;2;75;176;163m━[38;2;75;176;165m━[38;2;75;176;167m━[38;2;76;175;169m━[38;2;76;175;171m━[38;2;76;175;173m━[38;2;77;175;175m━[38;2;77;174;177m━[38;2;77;174;179m━[38;2;77;174;181m━[38;2;78;174;183m━[38;2;78;174;185m┓[0m
   [38;2;68;181;112m┃  [38;2;68;181;118m╔[38;2;69;181;120m═[38;2;69;180;123m═[38;2;69;180;125m═[38;2;70;180;127m╗ [38;2;70;179;131m╔[38;2;71;179;133m═[38;2;71;179;135m═[38;2;71;179;137m═[38;2;71;179;139m╗ [38;2;72;178;143m╔[38;2;72;178;145m═[38;2;73;178;147m═[38;2;73;178;149m═[38;2;73;177;151m╗ [38;2;74;177;155m╔[38;2;74;177;157m═[38;2;74;176;159m═[38;2;75;176;161m═[38;2;75;176;163m╗ [38;2;75;176;167m╔[38;2;76;175;169m═[38;2;76;175;171m═[38;2;76;175;173m═[38;2;77;175;175m╗ [38;2;77;174;180m╔[38;2;78;174;182m═[38;2;78;174;184m═[38;2;78;174;186m═[38;2;78;173;188m╗  [38;2;79;173;194m┃[0m
   [38;2;69;181;121m┃  [38;2;70;180;127m║[38;2;70;180;129m▓[38;2;70;179;131m▓[38;2;71;179;133m▓[38;2;71;179;135m║ [38;2;71;179;139m║[38;2;72;178;141m▒[38;2;72;178;143m▒[38;2;72;178;146m▒[38;2;73;178;148m║ [38;2;73;177;152m║[38;2;74;177;154m░[38;2;74;177;156m░[38;2;74;177;158m░[38;2;74;176;160m║ [38;2;75;176;164m║[38;2;75;176;166m▓[38;2;76;175;168m▓[38;2;76;175;170m▓[38;2;76;175;172m║ [38;2;77;175;176m║[38;2;77;174;178m▒[38;2;77;174;180m▒[38;2;78;174;182m▒[38;2;78;174;184m║ [38;2;78;173;188m║[38;2;79;173;190m░[38;2;79;173;192m░[38;2;79;173;194m░[38;2;80;172;196m║  [38;2;80;172;202m┃[0m
   [38;2;70;180;130m┃  [38;2;71;179;136m╚[38;2;71;179;138m═[38;2;72;178;140m═[38;2;72;178;142m═[38;2;72;178;144m╝ [38;2;73;178;148m╚[38;2;73;177;150m═[38;2;73;177;152m═[38;2;74;177;154m═[38;2;74;177;156m╝ [38;2;74;176;160m╚[38;2;75;176;162m═[38;2;75;176;164m═[38;2;75;176;166m═[38;2;76;175;169m╝ [38;2;76;175;173m╚[38;2;77;175;175m═[38;2;77;175;177m═[38;2;77;174;179m═[38;2;77;174;181m╝ [38;2;78;174;185m╚[38;2;78;173;187m═[38;2;79;173;189m═[38;2;79;173;191m═[38;2;79;173;193m╝ [38;2;80;172;197m╚[38;2;80;172;199m═[38;2;80;172;201m═[38;2;81;172;203m═[38;2;81;171;205m╝  [38;2;82;171;211m┃[0m
   [38;2;71;179;139m┃                                       [38;2;83;170;220m┃[0m
   [38;2;73;178;147m┃       [38;2;75;176;164mB[38;2;75;176;166mD[38;2;76;175;168m7[38;2;76;175;170m9[38;2;76;175;172m0[38;2;76;175;174mi  [38;2;77;174;180m:[38;2;78;174;182m:  [38;2;78;173;188mh[38;2;79;173;190mo[38;2;79;173;192mm[38;2;79;173;194me[38;2;80;172;196ml[38;2;80;172;198ma[38;2;80;172;200mb [38;2;81;172;204mh[38;2;81;171;206me[38;2;81;171;208ma[38;2;82;171;210md        [38;2;84;169;229m┃[0m
   [38;2;74;177;156m┃   [38;2;75;176;164mt[38;2;75;176;166ma[38;2;76;175;168mi[38;2;76;175;170ml[38;2;76;175;172ms[38;2;76;175;174mc[38;2;77;175;176ma[38;2;77;174;178ml[38;2;77;174;181me [38;2;78;174;185m· [38;2;79;173;189mk[38;2;79;173;191m3[38;2;79;173;193ms [38;2;80;172;197m· [38;2;80;172;201mg[38;2;81;172;203mi[38;2;81;171;205mt[38;2;81;171;207me[38;2;81;171;209ma [38;2;82;171;213m· [38;2;83;170;217mo[38;2;83;170;219ml[38;2;83;170;221ml[38;2;83;169;223ma[38;2;84;169;225mm[38;2;84;169;227ma    [38;2;86;168;238m┃[0m
   [38;2;75;176;165m┃                                       [38;2;87;167;246m┃[0m
   [38;2;76;175;174m┗[38;2;77;175;176m━[38;2;77;174;178m━[38;2;77;174;180m━[38;2;78;174;182m━[38;2;78;174;184m━[38;2;78;174;186m━[38;2;78;173;188m━[38;2;79;173;190m━[38;2;79;173;192m━[38;2;79;173;194m━[38;2;80;172;196m━[38;2;80;172;198m━[38;2;80;172;200m━[38;2;80;172;202m━[38;2;81;172;204m━[38;2;81;171;206m━[38;2;81;171;208m━[38;2;82;171;210m━[38;2;82;171;212m━[38;2;82;170;214m━[38;2;82;170;216m━[38;2;83;170;218m━[38;2;83;170;220m━[38;2;83;170;222m━[38;2;84;169;224m━[38;2;84;169;227m━[38;2;84;169;229m━[38;2;85;169;231m━[38;2;85;168;233m━[38;2;85;168;235m━[38;2;85;168;237m━[38;2;86;168;239m━[38;2;86;168;241m━[38;2;86;167;243m━[38;2;87;167;245m━[38;2;87;167;247m━[38;2;87;167;249m━[38;2;87;166;251m━[38;2;88;166;253m━[38;2;88;166;255m┛[0m
