[0m
   [38;2;180;142;255m▓[38;2;179;142;255m▒[38;2;177;143;255m░[38;2;176;143;255m▓[38;2;175;143;255m▒[38;2;173;144;255m░[38;2;172;144;255m▓[38;2;171;145;255m▒[38;2;169;145;255m░[38;2;168;145;255m▓[38;2;167;146;255m▒[38;2;165;146;255m░[38;2;164;146;255m▓[38;2;163;147;255m▒[38;2;161;147;255m░[38;2;160;147;255m▓[38;2;159;148;255m▒[38;2;158;148;255m░[38;2;156;148;255m▓[38;2;155;149;255m▒[38;2;154;149;255m░[38;2;152;149;255m▓[38;2;151;150;255m▒[38;2;150;150;255m░[38;2;148;150;255m▓[38;2;147;151;255m▒[38;2;146;151;255m░[38;2;144;151;255m▓[38;2;143;152;255m▒[38;2;142;152;255m░[38;2;140;152;255m▓[38;2;139;153;255m▒[38;2;138;153;255m░[38;2;136;153;255m▓[38;2;135;154;255m▒[38;2;134;154;255m░[0m
   [38;2;176;143;255m▓                                   [38;2;130;155;255m▒[0m
   [38;2;172;144;255m▓   [38;2;167;146;255m█[38;2;165;146;255m█[38;2;164;146;255m█[38;2;163;147;255m█[38;2;161;147;255m▄  [38;2;158;148;255m█[38;2;156;148;255m█[38;2;155;149;255m█[38;2;154;149;255m█[38;2;152;149;255m▄  [38;2;149;150;255m▄[38;2;147;151;255m█[38;2;146;151;255m█[38;2;145;151;255m█[38;2;143;152;255m█ [38;2;141;152;255m█   [38;2;136;154;255m█       [38;2;126;156;255m▒[0m
   [38;2;167;145;255m▓   [38;2;162;147;255m█   [38;2;157;148;255m▀  [38;2;153;149;255m█    [38;2;147;151;255m█ [38;2;144;151;255m█     [38;2;137;153;255m█  [38;2;133;154;255m█        [38;2;121;157;255m▒[0m
   [38;2;163;146;255m▓   [38;2;158;148;255m█   [38;2;153;149;255m▀  [38;2;149;150;255m█    [38;2;143;152;255m█ [38;2;140;152;255m█     [38;2;133;154;255m█ [38;2;130;155;255m█         [38;2;117;158;255m▒[0m
   [38;2;159;148;255m▓   [38;2;154;149;255m█   [38;2;149;150;255m▀  [38;2;145;151;255m█    [38;2;139;153;255m█ [38;2;136;154;255m█     [38;2;128;156;255m█[38;2;127;156;255m█[38;2;126;156;255m█         [38;2;113;160;255m▒[0m
   [38;2;155;149;255m▓   [38;2;150;150;255m█   [38;2;145;151;255m▄  [38;2;141;152;255m█    [38;2;134;154;255m█ [38;2;132;155;255m█     [38;2;124;157;255m█ [38;2;122;157;255m█         [38;2;109;161;255m▒[0m
   [38;2;151;150;255m▓   [38;2;146;151;255m█[38;2;144;151;255m█[38;2;143;152;255m█[38;2;142;152;255m█[38;2;141;152;255m█  [38;2;137;153;255m▀[38;2;135;154;255m█[38;2;134;154;255m█[38;2;133;154;255m█[38;2;132;155;255m█[38;2;130;155;255m▀ [38;2;128;156;255m▀[38;2;126;156;255m█[38;2;125;156;255m█[38;2;124;157;255m█[38;2;123;157;255m█ [38;2;120;158;255m█  [38;2;116;159;255m█        [38;2;105;162;255m▒[0m
   [38;2;147;151;255m▓                                   [38;2;100;163;255m▒[0m
   [38;2;142;152;255m▓        [38;2;131;155;255m░[38;2;130;155;255m▒[38;2;128;156;255m▓ [38;2;126;156;255mD[38;2;125;156;255mE[38;2;123;157;255mC[38;2;122;157;255mK[38;2;121;158;255m-[38;2;119;158;255mS[38;2;118;158;255mM[38;2;117;158;255mI[38;2;116;159;255mT[38;2;114;159;255mH [38;2;112;160;255m▓[38;2;110;160;255m▒[38;2;109;160;255m░         [38;2;96;164;255m▒[0m
   [38;2;138;153;255m▓                                   [38;2;92;165;255m▒[0m
   [38;2;134;154;255m▒[38;2;133;154;255m░[38;2;131;155;255m▓[38;2;130;155;255m▒[38;2;129;155;255m░[38;2;127;156;255m▓[38;2;126;156;255m▒[38;2;125;156;255m░[38;2;124;157;255m▓[38;2;122;157;255m▒[38;2;121;157;255m░[38;2;120;158;255m▓[38;2;118;158;255m▒[38;2;117;158;255m░[38;2;116;159;255m▓[38;2;114;159;255m▒[38;2;113;160;255m░[38;2;112;160;255m▓[38;2;110;160;255m▒[38;2;109;161;255m░[38;2;108;161;255m▓[38;2;106;161;255m▒[38;2;105;162;255m░[38;2;104;162;255m▓[38;2;102;162;255m▒[38;2;101;163;255m░[38;2;100;163;255m▓[38;2;99;163;255m▒[38;2;97;164;255m░[38;2;96;164;255m▓[38;2;95;164;255m▒[38;2;93;165;255m░[38;2;92;165;255m▓[38;2;91;165;255m▒[38;2;89;166;255m░[38;2;88;166;255m▓[0m
