[0m[38;2;18;18;25;48;2;18;18;25m▄▄▄▄▄▄▄▄▄▄▄▄▄▄▄▄▄▄▄▄[48;2;81;45;28m▌[38;2;242;118;38;48;2;184;92;34m▄[48;2;236;115;37m▄[38;2;237;115;37;48;2;131;68;31m▄[38;2;18;18;25;48;2;18;18;25m▄▄▄▄[0m
[38;2;18;18;25;48;2;18;18;25m▄▄▄[38;2;136;70;31;48;2;25;21;25m▄[38;2;242;118;38;48;2;93;51;29m▄[38;2;183;91;34;48;2;36;25;25m▄[38;2;18;18;25;48;2;18;18;25m▄▄[38;2;29;23;25m▄[38;2;134;69;31m▄[38;2;226;110;36;48;2;25;21;25m▄[38;2;242;118;38;48;2;84;47;28m▄[48;2;134;69;31m▄[48;2;167;84;33m▄[48;2;173;86;33m▄[48;2;163;82;33m▄[48;2;125;65;31m▄[48;2;68;40;27m▄[38;2;210;103;36;48;2;19;18;25m▄[38;2;106;57;29;48;2;18;18;25m▄[38;2;20;18;25;48;2;40;28;26m▄[38;2;46;30;26;48;2;229;112;37m▄[38;2;91;50;28;48;2;242;118;38m▄[38;2;29;22;25;48;2;190;94;34m▄[38;2;18;18;25;48;2;18;18;25m▄▄▄▄[0m
[38;2;18;18;25;48;2;18;18;25m▄▄▄[48;2;113;60;30m▄[38;2;46;30;26;48;2;241;117;38m▄[38;2;19;18;25;48;2;159;80;33m▄[38;2;83;47;28;48;2;18;18;25m▄[38;2;235;115;37;48;2;68;40;27m▄[38;2;242;118;38;48;2;216;106;36m▄[48;2;242;118;38m▄[38;2;241;117;38m▄[38;2;228;111;37m▄[38;2;196;97;35m▄[38;2;176;88;34m▄[38;2;174;87;33m▄[38;2;178;89;34m▄[38;2;203;100;35m▄[38;2;233;113;37m▄[38;2;242;118;38m▄▄[48;2;190;94;34m▄[38;2;217;106;36;48;2;42;28;26m▄[38;2;49;31;26;48;2;18;18;25m▄[38;2;18;18;25m▄▄▄▄▄[0m
[38;2;18;18;25;48;2;18;18;25m▄▄▄▄[38;2;21;19;25m▄[38;2;203;100;35;48;2;60;36;27m▄[38;2;181;90;34;48;2;233;113;37m▄[38;2;60;36;27;48;2;241;117;37m▄[38;2;18;18;25;48;2;187;93;34m▄[48;2;108;57;30m▄[48;2;48;31;26m▄[48;2;18;18;25m▄▄▄▄▄▄▄[48;2;62;37;27m▄[48;2;125;65;30m▄[48;2;205;101;35m▄[38;2;85;47;28;48;2;242;118;38m▄[38;2;209;103;35;48;2;206;101;35m▌[38;2;152;77;32;48;2;30;23;25m▄[38;2;18;18;25;48;2;18;18;25m▄▄▄▄[0m
[38;2;18;18;25;48;2;18;18;25m▄▄▄▄[38;2;43;29;26;48;2;107;57;29m▌[38;2;18;18;25;48;2;111;59;30m▄[48;2;18;18;25m▄▄▄▄▄▄▄▄▄▄▄▄▄▄▄▄[48;2;25;21;25m▄[48;2;150;76;32m▄[38;2;80;45;28;48;2;22;19;25m▌[38;2;18;18;25;48;2;18;18;25m▄▄▄[0m
[38;2;18;18;25;48;2;18;18;25m▄▄▄▄▄▄▄▄▄▄▄▄▄▄▄▄▄▄▄▄▄▄▄▄▄▄▄▄[0m
[38;2;18;18;25;48;2;18;18;25m▄▄▄▄▄▄▄▄▄▄▄▄▄▄▄▄▄▄▄▄▄▄▄▄▄▄▄▄[0m
[38;2;18;18;25;48;2;18;18;25m▄▄▄▄▄▄▄▄▄▄▄▄▄▄▄▄▄▄▄▄▄▄▄▄▄▄▄▄[0m
[38;2;18;18;25;48;2;18;18;25m▄▄▄▄[38;2;67;39;27m▄[38;2;18;18;25m▄▄▄▄▄▄▄▄▄▄▄▄▄▄▄▄▄▄[38;2;22;19;25m▄[38;2;62;37;27m▄[38;2;18;18;25m▄▄▄[0m
[38;2;18;18;25;48;2;18;18;25m▄▄▄▄[48;2;84;47;28m▌[38;2;182;91;34;48;2;148;75;32m▄[38;2;211;104;36;48;2;25;21;25m▄[38;2;97;52;29;48;2;18;18;25m▄[38;2;22;19;25m▄[38;2;18;18;25m▄▄▄▄▄▄▄▄▄▄▄[38;2;31;23;25m▄[38;2;122;64;30m▄[38;2;227;111;37;48;2;40;27;26m▄[38;2;131;68;31;48;2;177;88;34m▄[38;2;18;18;25;48;2;40;28;26m▄[48;2;18;18;25m▄▄▄[0m
[38;2;18;18;25;48;2;18;18;25m▄▄▄▄▄[48;2;42;28;26m▄[38;2;58;35;27;48;2;220;108;36m▄[38;2;221;108;36;48;2;242;118;38m▄[38;2;242;118;38;48;2;218;107;36m▄[48;2;146;74;32m▄[48;2;85;47;28m▄[38;2;241;117;38;48;2;42;28;26m▄[38;2;232;113;37;48;2;18;18;25m▄[38;2;221;108;36m▄[38;2;213;104;35m▄[38;2;224;109;36m▄[38;2;235;114;37m▄[38;2;242;118;38;48;2;51;32;26m▄[48;2;97;52;29m▄[48;2;161;81;33m▄[48;2;231;113;37m▄[38;2;196;97;35;48;2;242;118;38m▄[38;2;33;24;25;48;2;189;94;34m▄[38;2;18;18;25;48;2;22;20;25m▄[48;2;18;18;25m▄▄▄▄[0m
[38;2;18;18;25;48;2;18;18;25m▄▄▄▄▄[38;2;38;26;25m▄[38;2;61;37;27m▄[38;2;20;18;25;48;2;44;29;26m▄[38;2;18;18;25;48;2;188;93;34m▄[38;2;95;52;29;48;2;242;118;38m▄[38;2;197;97;35m▄[38;2;241;117;37m▄[38;2;242;118;38m▄▄▄▄▄[38;2;238;116;37m▄[38;2;176;88;33m▄[38;2;70;41;27;48;2;241;117;37m▄[38;2;18;18;25;48;2;156;79;32m▄[48;2;27;22;25m▄[48;2;18;18;25m▄▄▄▄▄▄[0m
[38;2;18;18;25;48;2;18;18;25m▄▄▄▄[38;2;82;46;28;48;2;191;95;34m▌[38;2;242;118;38;48;2;234;114;37m▄[48;2;242;118;38m▄[48;2;189;94;34m▄[38;2;91;50;29;48;2;18;18;25m▌[38;2;18;18;25m▄▄[48;2;46;30;26m▄[48;2;100;54;29m▄[48;2;123;64;31m▄[48;2;128;67;31m▄[48;2;120;63;30m▄[48;2;89;49;28m▄[48;2;35;25;25m▄[48;2;18;18;25m▄▄▄▄▄▄▄▄▄▄[0m
[38;2;18;18;25;48;2;18;18;25m▄▄▄▄[38;2;57;35;27;48;2;179;89;34m▄[38;2;209;103;35;48;2;242;118;38m▄[38;2;236;115;37m▄[38;2;149;76;32m▄[38;2;75;43;28;48;2;18;18;25m▌[38;2;18;18;25m▄▄▄▄▄▄▄▄▄▄▄▄▄▄▄▄▄▄▄[0m
