[0m[38;2;18;18;25;48;2;18;18;25m▄▄▄▄▄▄▄▄▄▄[38;2;62;53;25m▄[38;2;123;102;26m▄[38;2;164;136;27m▄[38;2;182;150;27m▄▄[38;2;167;138;27m▄[38;2;125;104;26m▄[38;2;67;57;25m▄[38;2;18;18;25m▄▄▄▄▄▄▄▄▄▄[0m
[38;2;18;18;25;48;2;18;18;25m▄▄▄▄▄▄[38;2;57;50;25m▄[38;2;208;172;28;48;2;21;20;25m▄[38;2;254;209;29;48;2;110;92;26m▄[48;2;216;178;28m▄[48;2;253;208;29m▄[48;2;254;209;29m▄▄▄▄▄▄▄[48;2;220;182;28m▄[48;2;117;98;26m▄[38;2;216;178;28;48;2;23;22;25m▄[38;2;64;55;25;48;2;18;18;25m▄[38;2;18;18;25m▄▄▄▄▄▄[0m
[38;2;18;18;25;48;2;18;18;25m▄▄▄▄[38;2;73;63;25m▄[38;2;246;202;28;48;2;83;71;26m▄[38;2;254;209;29;48;2;242;199;28m▄[48;2;254;209;29m▄▄▄▄▄▄▄▄▄▄▄▄▄▄[48;2;246;202;28m▄[38;2;249;205;28;48;2;93;79;26m▄[38;2;84;71;26;48;2;18;18;25m▄[38;2;18;18;25m▄▄▄▄[0m
[38;2;18;18;25;48;2;18;18;25m▄▄▄[38;2;164;136;27;48;2;37;33;25m▄[38;2;254;209;29;48;2;232;191;28m▄[48;2;254;209;29m▄▄▄[38;2;250;205;28m▄[38;2;192;159;27m▄[38;2;226;186;28m▄[38;2;254;209;29m▄▄▄▄▄▄[38;2;236;194;28m▄[38;2;188;156;27m▄[38;2;243;200;28m▄[38;2;254;209;29m▄▄▄[48;2;238;196;28m▄[38;2;176;146;27;48;2;43;38;25m▄[38;2;18;18;25;48;2;18;18;25m▄▄▄[0m
[38;2;18;18;25;48;2;18;18;25m▄▄[38;2;30;27;25;48;2;159;131;27m▌[38;2;254;209;29;48;2;251;206;28m▄[48;2;254;209;29m▄[38;2;177;147;27m▄[38;2;180;149;27m▄[38;2;254;209;29m▄[38;2;91;77;26;48;2;24;23;25m▌[38;2;18;18;25;48;2;18;18;25m▄[48;2;27;25;25m▄[38;2;109;91;26;48;2;254;209;29m▌[38;2;254;209;29m▄▄▄▄[48;2;174;144;27m▌[38;2;18;18;25;48;2;41;36;25m▄[48;2;18;18;25m▄[48;2;58;50;25m▄[38;2;217;179;28;48;2;254;209;29m▌[38;2;195;161;28m▄[38;2;163;135;27m▄[38;2;253;208;29m▄[38;2;254;209;29;48;2;253;208;28m▄[38;2;174;144;27;48;2;39;35;25m▌[38;2;18;18;25;48;2;18;18;25m▄▄[0m
[38;2;18;18;25;48;2;18;18;25m▄[38;2;24;23;25m▄[38;2;204;168;28;48;2;254;209;29m▌[38;2;254;209;29m▄[48;2;232;191;28m▌[38;2;131;109;26;48;2;19;19;25m▄[38;2;133;111;26;48;2;20;19;25m▄[38;2;240;198;28;48;2;254;209;29m▌[38;2;254;209;29;48;2;125;104;26m▄[48;2;121;101;26m▄[48;2;212;174;28m▄[48;2;232;191;28m▄[48;2;254;209;29m▄▄▄▄[48;2;245;201;28m▄[48;2;202;166;28m▄[48;2;157;130;27m▄[48;2;88;75;26m▄[48;2;252;208;28m▄[38;2;154;127;27;48;2;35;32;25m▄[38;2;116;97;26;48;2;18;18;25m▄[38;2;199;164;28;48;2;254;209;29m▌[38;2;254;209;29m▄[48;2;221;182;28m▌[38;2;35;32;25;48;2;18;18;25m▄[38;2;18;18;25m▄[0m
[38;2;18;18;25;48;2;18;18;25m▄[48;2;91;77;26m▌[38;2;254;209;29;48;2;254;209;29m▄▄▄▄▄▄▄[38;2;198;164;28m▄[38;2;156;129;27m▄[38;2;246;202;28m▄[38;2;254;209;29m▄▄▄▄[38;2;250;206;28m▄[38;2;170;141;27m▄[38;2;180;149;27m▄[38;2;254;209;29m▄▄▄▄▄▄▄[38;2;115;96;26;48;2;18;18;25m▌[38;2;18;18;25m▄[0m
[38;2;18;18;25;48;2;18;18;25m▄[48;2;51;44;25m▌[38;2;246;203;28;48;2;254;209;29m▄[38;2;254;209;29m▄▄▄▄▄▄[48;2;134;112;26m▌[38;2;19;19;25;48;2;18;18;25m▄[38;2;18;18;25;48;2;38;34;25m▄[48;2;127;106;26m▄[48;2;183;151;27m▄[48;2;186;154;27m▄[48;2;139;116;26m▄[48;2;48;42;25m▄[48;2;18;18;25m▄[38;2;76;65;25;48;2;246;202;28m▌[38;2;254;209;29;48;2;254;209;29m▄▄▄▄▄▄[38;2;252;208;29m▄[38;2;73;62;25;48;2;18;18;25m▌[38;2;18;18;25m▄[0m
[38;2;18;18;25;48;2;18;18;25m▄▄[38;2;20;20;25;48;2;158;131;27m▄[38;2;237;195;28;48;2;113;95;26m▄[38;2;139;115;27;48;2;179;148;27m▄[38;2;171;142;27;48;2;254;209;29m▄[38;2;143;118;27;48;2;253;208;29m▄[38;2;115;96;26;48;2;240;197;28m▄[38;2;130;109;26;48;2;253;208;29m▄[38;2;254;209;29;48;2;254;209;29m▄[38;2;245;201;28;48;2;108;90;26m▄[38;2;194;160;27;48;2;27;25;25m▄[38;2;254;209;29;48;2;164;136;27m▄[48;2;167;138;27m▄[38;2;253;208;29;48;2;136;114;27m▄[38;2;254;209;29;48;2;183;151;27m▄[38;2;205;169;28;48;2;38;34;25m▄[38;2;233;192;28;48;2;75;64;26m▄[38;2;254;209;29;48;2;253;208;29m▄[38;2;130;108;26m▄[38;2;115;96;26;48;2;240;197;28m▄[38;2;143;119;27;48;2;253;208;29m▄[38;2;171;142;27;48;2;254;209;29m▄[38;2;139;116;26;48;2;179;148;27m▄[38;2;237;195;28;48;2;113;95;26m▄[38;2;24;23;25;48;2;170;141;27m▄[38;2;18;18;25;48;2;18;18;25m▄▄[0m
[38;2;31;28;25;48;2;149;124;27m▌[38;2;250;206;28;48;2;43;38;25m▄[38;2;152;126;27;48;2;18;18;25m▄[38;2;36;32;25;48;2;171;141;27m▄[38;2;195;161;27;48;2;253;208;29m▄[38;2;232;191;28;48;2;107;89;26m▄[38;2;49;42;25;48;2;84;71;26m▄[38;2;239;197;28;48;2;254;209;29m▄[38;2;223;184;28;48;2;109;91;26m▌[38;2;120;100;26;48;2;230;190;28m▄[38;2;254;209;29;48;2;254;209;29m▄▄▄▄▄▄▄▄[38;2;120;100;26;48;2;230;189;28m▄[38;2;109;91;26;48;2;223;184;28m▌[38;2;239;196;28;48;2;254;209;29m▄[38;2;48;42;25;48;2;84;71;26m▄[38;2;233;191;28;48;2;107;89;26m▄[38;2;195;161;27;48;2;253;208;29m▄[38;2;36;32;25;48;2;170;141;27m▄[38;2;152;126;27;48;2;18;18;25m▄[38;2;250;206;28;48;2;43;38;25m▄[38;2;148;123;27;48;2;31;28;25m▌[0m
[38;2;163;135;27;48;2;25;23;25m▄[38;2;108;91;26;48;2;152;126;27m▄[38;2;70;60;25;48;2;251;206;28m▄[38;2;202;167;28;48;2;212;175;28m▄[38;2;233;192;28;48;2;59;51;25m▄[38;2;109;91;26;48;2;199;164;28m▄[38;2;248;204;28;48;2;153;127;27m▄[38;2;164;136;27;48;2;68;58;25m▄[38;2;233;192;28;48;2;254;209;29m▌[38;2;250;206;28;48;2;135;112;26m▄[38;2;103;86;26;48;2;193;160;27m▄[38;2;212;175;28;48;2;254;209;29m▄[38;2;254;209;29m▄▄▄▄[38;2;212;175;28m▄[38;2;103;86;26;48;2;193;159;27m▄[38;2;250;206;28;48;2;135;112;27m▄[38;2;254;209;29;48;2;232;191;28m▌[38;2;164;136;27;48;2;68;58;25m▄[38;2;248;204;28;48;2;153;127;27m▄[38;2;109;91;26;48;2;198;164;28m▄[38;2;233;192;28;48;2;59;51;25m▄[38;2;202;167;28;48;2;212;175;28m▄[38;2;70;60;25;48;2;251;206;28m▄[38;2;109;91;26;48;2;152;126;27m▄[38;2;163;135;27;48;2;25;23;25m▄[0m
[38;2;109;91;26;48;2;168;139;27m▌[38;2;108;90;26;48;2;252;207;28m▄[38;2;145;120;27;48;2;221;182;28m▄[38;2;238;196;28;48;2;92;77;26m▄[38;2;229;188;28;48;2;148;123;27m▄[38;2;254;209;29;48;2;254;209;29m▄▄▄▄▄[48;2;245;201;28m▄[38;2;168;139;27;48;2;63;54;25m▌[38;2;218;180;28;48;2;254;209;29m▌[38;2;254;209;29m▄▄[48;2;218;180;28m▌[38;2;63;54;25;48;2;168;139;27m▌[38;2;254;209;29;48;2;245;201;28m▄[48;2;254;209;29m▄▄▄▄▄[38;2;229;188;28;48;2;148;123;27m▄[38;2;238;196;28;48;2;92;77;26m▄[38;2;145;120;27;48;2;221;182;28m▄[38;2;108;90;26;48;2;252;207;28m▄[38;2;168;139;27;48;2;108;91;26m▌[0m
[38;2;18;18;25;48;2;159;132;27m▄[38;2;69;59;25;48;2;253;208;29m▄[38;2;167;138;27;48;2;188;155;27m▄[38;2;243;200;28;48;2;138;115;27m▄[38;2;254;209;29;48;2;254;209;29m▄▄▄▄▄▄[38;2;209;172;28m▄[38;2;113;95;26;48;2;43;38;25m▌[38;2;125;105;26;48;2;237;195;28m▄[38;2;147;122;27;48;2;254;209;29m▄[38;2;148;123;27m▄[38;2;126;106;26;48;2;237;195;28m▄[38;2;44;39;25;48;2;114;95;26m▌[38;2;209;172;28;48;2;254;209;29m▄[38;2;254;209;29m▄▄▄▄▄▄[38;2;243;200;28;48;2;138;115;27m▄[38;2;167;138;27;48;2;188;155;27m▄[38;2;69;59;25;48;2;253;208;29m▄[38;2;18;18;25;48;2;159;131;27m▄[0m
[38;2;18;18;25;48;2;18;18;25m▄▄▄[48;2;26;24;25m▄[48;2;82;70;26m▄[48;2;130;108;26m▄[48;2;171;142;27m▄[48;2;183;151;27m▄[48;2;176;146;27m▄[48;2;119;100;26m▄[48;2;30;27;25m▄[48;2;18;18;25m▄▄▄▄▄▄[48;2;30;27;25m▄[48;2;119;100;26m▄[48;2;176;146;27m▄[48;2;183;151;27m▄[48;2;171;142;27m▄[48;2;129;108;26m▄[48;2;82;70;26m▄[48;2;26;24;25m▄[48;2;18;18;25m▄▄▄[0m
