[0m[38;2;18;18;25;48;2;18;18;25m▄▄▄▄▄▄▄▄▄▄▄▄▄▄▄▄▄▄▄▄▄▄▄▄▄▄▄▄[0m
[38;2;18;18;25;48;2;18;18;25m▄▄▄▄▄▄▄▄▄▄▄▄[38;2;18;20;28m▄[38;2;19;28;41m▄▄[38;2;18;21;31m▄[38;2;18;18;25m▄▄▄▄▄▄▄▄▄▄▄▄[0m
[38;2;18;18;25;48;2;18;18;25m▄▄▄▄▄▄▄▄▄▄▄▄[48;2;30;111;176m▌[38;2;36;149;236;48;2;36;149;236m▄▄[38;2;36;148;235;48;2;19;32;49m▌[38;2;18;18;25;48;2;18;18;25m▄▄▄▄▄▄▄▄▄▄▄▄[0m
[38;2;18;18;25;48;2;18;18;25m▄▄▄▄▄[38;2;21;44;67m▄[38;2;34;139;221m▄▄[38;2;28;101;159m▄[38;2;29;108;171m▄[38;2;34;139;221m▄▄[38;2;20;34;51;48;2;27;88;138m▌[38;2;34;139;221;48;2;28;103;163m▄▄[38;2;31;120;190;48;2;19;27;40m▌[38;2;18;18;25;48;2;18;18;25m▄▄▄▄▄[38;2;18;23;33m▄[38;2;18;19;28m▄[38;2;18;18;25m▄▄▄▄▄[0m
[38;2;18;18;25;48;2;18;18;25m▄▄▄▄▄[48;2;24;69;107m▌[38;2;31;120;190;48;2;36;149;236m▄▄[38;2;33;134;213;48;2;23;63;98m▌[38;2;25;76;119;48;2;33;134;213m▌[38;2;31;120;190;48;2;36;149;236m▄▄[38;2;22;51;79;48;2;29;100;157m▌[38;2;31;120;190;48;2;36;149;236m▄▄[38;2;33;134;212;48;2;19;30;45m▌[38;2;18;18;25;48;2;18;18;25m▄▄▄▄[38;2;18;23;34m▄[38;2;35;144;229;48;2;28;94;148m▄[38;2;36;149;236;48;2;31;120;190m▄[38;2;30;110;173;48;2;19;28;41m▄[38;2;18;18;25;48;2;18;18;25m▄▄▄▄[0m
[38;2;18;18;25;48;2;18;18;25m▄▄[38;2;21;47;72;48;2;33;131;208m▌[38;2;36;149;236;48;2;31;114;181m▄▄[38;2;27;84;132;48;2;24;64;99m▄[38;2;36;149;236;48;2;31;114;181m▄▄[38;2;33;131;208;48;2;23;62;96m▌[38;2;25;75;117;48;2;33;131;208m▌[38;2;36;149;236;48;2;31;114;181m▄[48;2;31;114;180m▄[38;2;22;51;78;48;2;28;98;154m▌[38;2;36;149;236;48;2;31;114;181m▄▄[38;2;33;131;207;48;2;19;30;45m▌[38;2;33;133;210;48;2;29;101;160m▄[38;2;36;149;236;48;2;31;114;181m▄[38;2;36;148;235;48;2;31;113;178m▄[38;2;18;22;32;48;2;18;18;25m▌[38;2;18;18;25;48;2;25;72;112m▌[38;2;36;149;236;48;2;36;149;236m▄▄[48;2;35;148;235m▄[38;2;35;148;234;48;2;20;38;57m▄[38;2;36;149;236;48;2;18;28;41m▄[38;2;35;143;227;48;2;18;18;25m▄[38;2;28;96;151m▄[0m
[38;2;24;70;110;48;2;18;18;25m▄[38;2;27;93;146m▄[38;2;24;70;110;48;2;31;117;185m▌[38;2;27;93;146;48;2;34;142;225m▄▄[48;2;25;78;122m▄[48;2;34;142;225m▄▄[38;2;31;117;185;48;2;25;79;124m▌[38;2;27;86;135;48;2;31;117;185m▌[38;2;27;93;146;48;2;34;142;225m▄[48;2;34;142;224m▄[38;2;25;73;114;48;2;28;99;155m▌[38;2;27;93;146;48;2;34;142;225m▄▄[38;2;31;117;185;48;2;23;61;96m▌[38;2;27;93;146;48;2;32;126;199m▄[48;2;34;142;225m▄[48;2;34;141;223m▄[38;2;28;96;152;48;2;18;20;28m▄[38;2;31;115;182m▄[38;2;33;132;209;48;2;36;149;236m▌[38;2;36;149;236m▄▄▄▄[38;2;31;118;187m▄[38;2;19;28;41;48;2;30;107;169m▄[0m
[38;2;34;143;226;48;2;36;149;236m▌[38;2;36;149;236m▄▄▄▄▄▄▄▄▄▄▄▄▄▄▄▄▄▄▄▄▄▄[38;2;22;53;81;48;2;32;121;191m▄[38;2;18;18;25;48;2;26;79;123m▄[48;2;22;53;82m▄[48;2;18;18;26m▄[48;2;18;18;25m▄[0m
[38;2;27;86;135;48;2;36;149;236m▌[38;2;36;149;236m▄▄▄▄▄▄▄▄▄▄▄▄▄▄▄▄▄▄▄▄[38;2;35;148;235m▄[38;2;22;51;78;48;2;32;121;191m▄[38;2;18;18;25;48;2;18;18;25m▄▄▄▄▄[0m
[38;2;18;18;25;48;2;25;78;122m▌[38;2;35;143;226;48;2;36;149;236m▄[38;2;36;149;236m▄▄▄▄▄▄▄▄▄▄▄▄▄▄▄▄▄▄[38;2;31;121;191m▄[38;2;18;22;32;48;2;28;96;152m▄[38;2;18;18;25;48;2;18;18;25m▄▄▄▄▄▄[0m
[38;2;18;18;25;48;2;18;18;25m▄[38;2;18;22;31;48;2;27;86;135m▄[38;2;31;120;189;48;2;36;149;236m▄[38;2;36;149;236m▄▄▄▄▄▄▄▄▄▄▄▄▄▄[38;2;35;148;234m▄[38;2;28;96;151m▄[38;2;18;22;32;48;2;31;121;191m▄[38;2;18;18;25;48;2;19;27;40m▄[48;2;18;18;25m▄▄▄▄▄▄▄[0m
[38;2;18;18;25;48;2;18;18;25m▄▄[48;2;18;25;36m▄[48;2;29;104;164m▄[38;2;20;42;64;48;2;35;148;235m▄[38;2;27;87;137;48;2;36;149;236m▄[38;2;31;118;187m▄[38;2;34;140;223m▄[38;2;35;147;234m▄[38;2;36;149;236m▄[38;2;36;148;235m▄[38;2;35;145;230m▄[38;2;33;133;212m▄[38;2;30;109;173m▄[38;2;25;76;120m▄[38;2;20;35;53;48;2;35;148;234m▄[38;2;18;18;25;48;2;30;113;178m▄[48;2;21;47;72m▄[48;2;18;18;25m▄▄▄▄▄▄▄▄▄▄[0m
[38;2;18;18;25;48;2;18;18;25m▄▄▄▄▄▄▄▄[48;2;18;19;26m▄[48;2;18;26;38m▄[48;2;18;22;32m▄[48;2;18;18;25m▄▄▄▄▄▄▄▄▄▄▄▄▄▄▄▄▄[0m
[38;2;18;18;25;48;2;18;18;25m▄▄▄▄▄▄▄▄▄▄▄▄▄▄▄▄▄▄▄▄▄▄▄▄▄▄▄▄[0m
